energy(#app_nue_sig)<
@energy=
{0,	98	, 0	, 0	, 0	, 0	, 0	, 0	, 0	, 0	, 0	, 0	, 0	, 0	, 0	, 0	, 0	, 0	, 0	, 0	, 0	, 0	, 0	, 0	, 0	, 0	, 0	, 0	, 0	, 0	, 0	, 0	, 0	, 0	, 0	, 0	, 0	, 0	, 0	, 0	, 0	, 0	, 0	, 0	, 0	, 0	, 0	, 0	, 0	, 0	, 0	, 0	, 0	, 0	, 0	, 0	, 0	, 0	, 0	, 0	, 0	, 0	, 0	, 0	, 0	, 0	, 0	, 0	, 0	, 0	, 0	, 0	, 0	, 0	, 0	, 0	, 0	, 0	, 0	, 0	, 0	, 0	, 0	, 0	, 0	, 0	, 0	, 0	, 0	, 0	, 0	, 0	, 0	, 0	, 0	, 0	, 0	, 0	, 0	, 0	, 0	}:
{0,	98	, 0	, 0	, 0.153846	, 0	, 0	, 0	, 0	, 0	, 0	, 0	, 0	, 0	, 0	, 0	, 0	, 0	, 0	, 0	, 0	, 0	, 0	, 0	, 0	, 0	, 0	, 0	, 0	, 0	, 0	, 0	, 0	, 0	, 0	, 0	, 0	, 0	, 0	, 0	, 0	, 0	, 0	, 0	, 0	, 0	, 0	, 0	, 0	, 0	, 0	, 0	, 0	, 0	, 0	, 0	, 0	, 0	, 0	, 0	, 0	, 0	, 0	, 0	, 0	, 0	, 0	, 0	, 0	, 0	, 0	, 0	, 0	, 0	, 0	, 0	, 0	, 0	, 0	, 0	, 0	, 0	, 0	, 0	, 0	, 0	, 0	, 0	, 0	, 0	, 0	, 0	, 0	, 0	, 0	, 0	, 0	, 0	, 0	, 0	, 0	}:
{0,	98	, 0	, 0	, 0.846154	, 0.27027	, 0.0375	, 0.00772201	, 0.00192123	, 0.000874891	, 0.000785546	, 0.000803859	, 0.0008	, 0	, 0	, 0.00101729	, 0.00111111	, 0.00116279	, 0.00127551	, 0	, 0	, 0	, 0	, 0	, 0	, 0	, 0	, 0	, 0	, 0	, 0	, 0	, 0	, 0	, 0	, 0	, 0	, 0	, 0	, 0	, 0	, 0	, 0	, 0	, 0	, 0	, 0	, 0	, 0	, 0	, 0	, 0	, 0	, 0	, 0	, 0	, 0	, 0	, 0	, 0	, 0	, 0	, 0	, 0	, 0	, 0	, 0	, 0	, 0	, 0	, 0	, 0	, 0	, 0	, 0	, 0	, 0	, 0	, 0	, 0	, 0	, 0	, 0	, 0	, 0	, 0	, 0	, 0	, 0	, 0	, 0	, 0	, 0	, 0	, 0	, 0	, 0	, 0	, 0	, 0	, 0	}:
{0,	98	, 0	, 0	, 0	, 0.635135	, 0.315	, 0.0772201	, 0.0268972	, 0.00787402	, 0.00471328	, 0.00562701	, 0.0008	, 0.00165563	, 0.000873362	, 0.00203459	, 0.00333333	, 0.00232558	, 0	, 0	, 0.00171233	, 0	, 0	, 0	, 0	, 0.00357143	, 0	, 0	, 0	, 0	, 0	, 0	, 0	, 0	, 0	, 0	, 0	, 0	, 0	, 0	, 0	, 0	, 0	, 0	, 0	, 0	, 0	, 0	, 0	, 0	, 0	, 0	, 0	, 0	, 0	, 0	, 0	, 0	, 0	, 0	, 0	, 0	, 0	, 0	, 0	, 0	, 0	, 0	, 0	, 0	, 0	, 0	, 0	, 0	, 0	, 0	, 0	, 0	, 0	, 0	, 0	, 0	, 0	, 0	, 0	, 0	, 0	, 0	, 0	, 0	, 0	, 0	, 0	, 0	, 0	, 0	, 0	, 0	, 0	, 0	, 0	}:
{0,	98	, 0	, 0	, 0	, 0.0945946	, 0.51	, 0.330759	, 0.122959	, 0.0472441	, 0.0204242	, 0.00562701	, 0.0072	, 0.00331126	, 0.00262009	, 0.00406918	, 0.00222222	, 0.00232558	, 0.00127551	, 0.00313972	, 0.00171233	, 0	, 0	, 0.0026178	, 0	, 0	, 0	, 0	, 0	, 0	, 0	, 0	, 0	, 0	, 0	, 0	, 0	, 0	, 0	, 0	, 0	, 0	, 0	, 0	, 0	, 0	, 0	, 0	, 0	, 0	, 0	, 0	, 0	, 0	, 0	, 0	, 0	, 0	, 0	, 0	, 0	, 0	, 0	, 0	, 0	, 0	, 0	, 0	, 0	, 0	, 0	, 0	, 0	, 0	, 0	, 0	, 0	, 0	, 0	, 0	, 0	, 0	, 0	, 0	, 0	, 0	, 0	, 0	, 0	, 0	, 0	, 0	, 0	, 0	, 0	, 0	, 0	, 0	, 0	, 0	, 0	}:
{0,	98	, 0	, 0	, 0	, 0	, 0.115	, 0.440154	, 0.370797	, 0.168854	, 0.0738413	, 0.0458199	, 0.0168	, 0.0107616	, 0.00786026	, 0.00610376	, 0.00333333	, 0.00813953	, 0.00255102	, 0.00470958	, 0.00171233	, 0.00393701	, 0	, 0	, 0	, 0	, 0	, 0	, 0	, 0.00675676	, 0	, 0	, 0	, 0	, 0	, 0	, 0	, 0	, 0	, 0	, 0	, 0	, 0	, 0	, 0	, 0	, 0	, 0	, 0	, 0	, 0	, 0	, 0	, 0	, 0	, 0	, 0	, 0	, 0	, 0	, 0	, 0	, 0	, 0	, 0	, 0	, 0	, 0	, 0	, 0	, 0	, 0	, 0	, 0	, 0	, 0	, 0	, 0	, 0	, 0	, 0	, 0	, 0	, 0	, 0	, 0	, 0	, 0	, 0	, 0	, 0	, 0	, 0	, 0	, 0	, 0	, 0	, 0	, 0	, 0	, 0	}:
{0,	98	, 0	, 0	, 0	, 0	, 0.02	, 0.120978	, 0.364073	, 0.353456	, 0.169678	, 0.0876206	, 0.0576	, 0.0289735	, 0.00786026	, 0.00101729	, 0.00666667	, 0.0116279	, 0.00765306	, 0.00470958	, 0.00342466	, 0.0019685	, 0	, 0	, 0	, 0.00357143	, 0	, 0	, 0.00645161	, 0	, 0	, 0	, 0	, 0	, 0	, 0	, 0	, 0	, 0	, 0	, 0	, 0	, 0	, 0	, 0	, 0	, 0	, 0	, 0	, 0	, 0	, 0	, 0	, 0	, 0	, 0	, 0	, 0	, 0	, 0	, 0	, 0	, 0	, 0	, 0	, 0	, 0	, 0	, 0	, 0	, 0	, 0	, 0	, 0	, 0	, 0	, 0	, 0	, 0	, 0	, 0	, 0	, 0	, 0	, 0	, 0	, 0	, 0	, 0	, 0	, 0	, 0	, 0	, 0	, 0	, 0	, 0	, 0	, 0	, 0	, 0	}:
{0,	98	, 0	, 0	, 0	, 0	, 0.0025	, 0.01287	, 0.0874159	, 0.293088	, 0.323645	, 0.196141	, 0.1352	, 0.0662252	, 0.0331878	, 0.0233978	, 0.0144444	, 0.0174419	, 0.00892857	, 0.010989	, 0.00171233	, 0.0019685	, 0.0021322	, 0	, 0	, 0.00357143	, 0	, 0	, 0	, 0	, 0	, 0	, 0	, 0	, 0	, 0	, 0	, 0	, 0	, 0	, 0	, 0	, 0	, 0	, 0	, 0	, 0	, 0	, 0	, 0	, 0	, 0	, 0	, 0	, 0	, 0	, 0	, 0	, 0	, 0	, 0	, 0	, 0	, 0	, 0	, 0	, 0	, 0	, 0	, 0	, 0	, 0	, 0	, 0	, 0	, 0	, 0	, 0	, 0	, 0	, 0	, 0	, 0	, 0	, 0	, 0	, 0	, 0	, 0	, 0	, 0	, 0	, 0	, 0	, 0	, 0	, 0	, 0	, 0	, 0	, 0	}:
{0,	98	, 0	, 0	, 0	, 0	, 0	, 0.003861	, 0.012488	, 0.0971129	, 0.285153	, 0.295016	, 0.1808	, 0.120033	, 0.069869	, 0.0295015	, 0.0222222	, 0.0244186	, 0.0178571	, 0.010989	, 0.00342466	, 0.011811	, 0.00852878	, 0.0078534	, 0.0125	, 0	, 0.00436681	, 0	, 0	, 0	, 0	, 0.00990099	, 0	, 0	, 0	, 0	, 0	, 0	, 0	, 0	, 0	, 0	, 0	, 0	, 0	, 0	, 0	, 0	, 0	, 0	, 0	, 0	, 0	, 0	, 0	, 0	, 0	, 0	, 0	, 0	, 0	, 0	, 0	, 0	, 0	, 0	, 0	, 0	, 0	, 0	, 0	, 0	, 0	, 0	, 0	, 0	, 0	, 0	, 0	, 0	, 0	, 0	, 0	, 0	, 0	, 0	, 0	, 0	, 0	, 0	, 0	, 0	, 0	, 0	, 0	, 0	, 0	, 0	, 0	, 0	, 0	}:
{0,	98	, 0	, 0	, 0	, 0	, 0	, 0.003861	, 0.00768492	, 0.0227472	, 0.0926944	, 0.241158	, 0.2512	, 0.17798	, 0.119651	, 0.076297	, 0.06	, 0.0290698	, 0.0267857	, 0.0204082	, 0.00856164	, 0.00984252	, 0.0127932	, 0.0052356	, 0.003125	, 0.0142857	, 0	, 0	, 0.00645161	, 0.0135135	, 0	, 0	, 0	, 0	, 0	, 0	, 0	, 0	, 0	, 0	, 0	, 0	, 0	, 0	, 0	, 0	, 0	, 0	, 0	, 0	, 0	, 0	, 0	, 0	, 0	, 0	, 0	, 0	, 0	, 0	, 0	, 0	, 0	, 0	, 0	, 0	, 0	, 0	, 0	, 0	, 0	, 0	, 0	, 0	, 0	, 0	, 0	, 0	, 0	, 0	, 0	, 0	, 0	, 0	, 0	, 0	, 0	, 0	, 0	, 0	, 0	, 0	, 0	, 0	, 0	, 0	, 0	, 0	, 0	, 0	, 0	}:
{0,	98	, 0	, 0	, 0	, 0	, 0	, 0	, 0.00288184	, 0.00699913	, 0.017282	, 0.0819936	, 0.2144	, 0.260762	, 0.186026	, 0.118006	, 0.0844444	, 0.0651163	, 0.0369898	, 0.0188383	, 0.0205479	, 0.015748	, 0.010661	, 0.0078534	, 0.00625	, 0.00357143	, 0.00436681	, 0	, 0.0129032	, 0.00675676	, 0	, 0	, 0	, 0	, 0	, 0	, 0	, 0	, 0	, 0	, 0	, 0	, 0	, 0	, 0	, 0	, 0	, 0	, 0	, 0	, 0	, 0	, 0	, 0	, 0	, 0	, 0	, 0	, 0	, 0	, 0	, 0	, 0	, 0	, 0	, 0	, 0	, 0	, 0	, 0	, 0	, 0	, 0	, 0	, 0	, 0	, 0	, 0	, 0	, 0	, 0	, 0	, 0	, 0	, 0	, 0	, 0	, 0	, 0	, 0	, 0	, 0	, 0	, 0	, 0	, 0	, 0	, 0	, 0	, 0	, 0	}:
{0,	98	, 0	, 0	, 0	, 0	, 0	, 0.001287	, 0.00192123	, 0.000874891	, 0.00549882	, 0.0257235	, 0.096	, 0.191225	, 0.249782	, 0.192269	, 0.122222	, 0.0837209	, 0.0765306	, 0.0455259	, 0.0256849	, 0.0314961	, 0.0277186	, 0.0104712	, 0.003125	, 0.0107143	, 0.0218341	, 0.0112994	, 0.00645161	, 0	, 0	, 0	, 0	, 0	, 0	, 0	, 0	, 0	, 0	, 0	, 0	, 0	, 0	, 0	, 0	, 0	, 0	, 0	, 0	, 0	, 0	, 0	, 0	, 0	, 0	, 0	, 0	, 0	, 0	, 0	, 0	, 0	, 0	, 0	, 0	, 0	, 0	, 0	, 0	, 0	, 0	, 0	, 0	, 0	, 0	, 0	, 0	, 0	, 0	, 0	, 0	, 0	, 0	, 0	, 0	, 0	, 0	, 0	, 0	, 0	, 0	, 0	, 0	, 0	, 0	, 0	, 0	, 0	, 0	, 0	, 0	}:
{0,	98	, 0	, 0	, 0	, 0	, 0	, 0	, 0.000960615	, 0.000874891	, 0	, 0.00401929	, 0.0208	, 0.0819536	, 0.171179	, 0.241099	, 0.185556	, 0.143023	, 0.105867	, 0.0722135	, 0.0650685	, 0.0374016	, 0.0298507	, 0.0104712	, 0.025	, 0.0107143	, 0.00873362	, 0.0169492	, 0	, 0	, 0	, 0	, 0	, 0	, 0	, 0	, 0.0434783	, 0	, 0	, 0	, 0	, 0	, 0	, 0	, 0	, 0	, 0	, 0	, 0	, 0	, 0	, 0	, 0	, 0	, 0	, 0	, 0	, 0	, 0	, 0	, 0	, 0	, 0	, 0	, 0	, 0	, 0	, 0	, 0	, 0	, 0	, 0	, 0	, 0	, 0	, 0	, 0	, 0	, 0	, 0	, 0	, 0	, 0	, 0	, 0	, 0	, 0	, 0	, 0	, 0	, 0	, 0	, 0	, 0	, 0	, 0	, 0	, 0	, 0	, 0	, 0	}:
{0,	98	, 0	, 0	, 0	, 0	, 0	, 0	, 0	, 0	, 0.00235664	, 0.00482315	, 0.0112	, 0.0322848	, 0.100437	, 0.162767	, 0.19	, 0.161628	, 0.112245	, 0.0941915	, 0.0599315	, 0.0570866	, 0.0447761	, 0.039267	, 0.025	, 0.0142857	, 0.00873362	, 0.0169492	, 0.0193548	, 0	, 0	, 0.00990099	, 0.0138889	, 0	, 0	, 0	, 0	, 0	, 0	, 0	, 0.0909091	, 0	, 0	, 0	, 0	, 0	, 0	, 0	, 0	, 0	, 0	, 0	, 0	, 0	, 0	, 0	, 0	, 0	, 0	, 0	, 0	, 0	, 0	, 0	, 0	, 0	, 0	, 0	, 0	, 0	, 0	, 0	, 0	, 0	, 0	, 0	, 0	, 0	, 0	, 0	, 0	, 0	, 0	, 0	, 0	, 0	, 0	, 0	, 0	, 0	, 0	, 0	, 0	, 0	, 0	, 0	, 0	, 0	, 0	, 0	, 0	}:
{0,	98	, 0	, 0	, 0	, 0	, 0	, 0.001287	, 0	, 0	, 0.00235664	, 0.00160772	, 0.0016	, 0.0140728	, 0.0305677	, 0.0844354	, 0.165556	, 0.167442	, 0.151786	, 0.136578	, 0.10274	, 0.0846457	, 0.0618337	, 0.0366492	, 0.040625	, 0.0178571	, 0.00436681	, 0.0112994	, 0.00645161	, 0.00675676	, 0.0280374	, 0	, 0	, 0.02	, 0	, 0	, 0.0434783	, 0	, 0	, 0	, 0	, 0	, 0	, 0	, 0	, 0	, 0	, 0	, 0	, 0	, 0	, 0	, 0	, 0	, 0	, 0	, 0	, 0	, 0	, 0	, 0	, 0	, 0	, 0	, 0	, 0	, 0	, 0	, 0	, 0	, 0	, 0	, 0	, 0	, 0	, 0	, 0	, 0	, 0	, 0	, 0	, 0	, 0	, 0	, 0	, 0	, 0	, 0	, 0	, 0	, 0	, 0	, 0	, 0	, 0	, 0	, 0	, 0	, 0	, 0	, 0	}:
{0,	98	, 0	, 0	, 0	, 0	, 0	, 0	, 0	, 0	, 0.000785546	, 0.00160772	, 0.0016	, 0.0057947	, 0.00873362	, 0.0254323	, 0.0966667	, 0.15	, 0.167092	, 0.177394	, 0.126712	, 0.102362	, 0.0746269	, 0.065445	, 0.040625	, 0.0357143	, 0.0218341	, 0.0338983	, 0.0258065	, 0.00675676	, 0.00934579	, 0.00990099	, 0	, 0.02	, 0	, 0	, 0	, 0	, 0	, 0	, 0	, 0	, 0	, 0	, 0	, 0	, 0	, 0	, 0	, 0	, 0	, 0	, 0	, 0	, 0	, 0	, 0	, 0	, 0	, 0	, 0	, 0	, 0	, 0	, 0	, 0	, 0	, 0	, 0	, 0	, 0	, 0	, 0	, 0	, 0	, 0	, 0	, 0	, 0	, 0	, 0	, 0	, 0	, 0	, 0	, 0	, 0	, 0	, 0	, 0	, 0	, 0	, 0	, 0	, 0	, 0	, 0	, 0	, 0	, 0	, 0	}:
{0,	98	, 0	, 0	, 0	, 0	, 0	, 0	, 0	, 0	, 0	, 0	, 0.0016	, 0.000827815	, 0.00349345	, 0.0193286	, 0.0266667	, 0.0837209	, 0.131378	, 0.135008	, 0.138699	, 0.110236	, 0.119403	, 0.0628272	, 0.06875	, 0.0464286	, 0.0349345	, 0.0338983	, 0.0129032	, 0.00675676	, 0.00934579	, 0.029703	, 0.0138889	, 0	, 0	, 0.0344828	, 0	, 0	, 0	, 0	, 0	, 0	, 0	, 0	, 0	, 0	, 0	, 0	, 0	, 0	, 0	, 0	, 0	, 0	, 0	, 0	, 0	, 0	, 0	, 0	, 0	, 0	, 0	, 0	, 0	, 0	, 0	, 0	, 0	, 0	, 0	, 0	, 0	, 0	, 0	, 0	, 0	, 0	, 0	, 0	, 0	, 0	, 0	, 0	, 0	, 0	, 0	, 0	, 0	, 0	, 0	, 0	, 0	, 0	, 0	, 0	, 0	, 0	, 0	, 0	, 0	}:
{0,	98	, 0	, 0	, 0	, 0	, 0	, 0	, 0	, 0	, 0	, 0	, 0.0016	, 0.000827815	, 0.00436681	, 0.00813835	, 0.00666667	, 0.0255814	, 0.0867347	, 0.125589	, 0.162671	, 0.147638	, 0.1258	, 0.112565	, 0.084375	, 0.0392857	, 0.0305677	, 0.0338983	, 0.0129032	, 0	, 0.0186916	, 0.019802	, 0.0138889	, 0	, 0	, 0	, 0	, 0	, 0.05	, 0.0833333	, 0	, 0	, 0	, 0	, 0	, 0.5	, 0	, 0	, 0	, 0	, 0	, 0	, 0	, 0	, 0	, 0	, 0	, 0	, 0	, 0	, 0	, 0	, 0	, 0	, 0	, 0	, 0	, 0	, 0	, 0	, 0	, 0	, 0	, 0	, 0	, 0	, 0	, 0	, 0	, 0	, 0	, 0	, 0	, 0	, 0	, 0	, 0	, 0	, 0	, 0	, 0	, 0	, 0	, 0	, 0	, 0	, 0	, 0	, 0	, 0	, 0	}:
{0,	98	, 0	, 0	, 0	, 0	, 0	, 0	, 0	, 0	, 0	, 0	, 0	, 0.00248344	, 0.000873362	, 0.00203459	, 0.00444444	, 0.0139535	, 0.0395408	, 0.0737834	, 0.133562	, 0.11811	, 0.132196	, 0.151832	, 0.1	, 0.103571	, 0.100437	, 0.0338983	, 0.0516129	, 0.0405405	, 0.0186916	, 0.029703	, 0.0416667	, 0.02	, 0	, 0	, 0	, 0	, 0	, 0	, 0	, 0	, 0	, 0	, 0	, 0	, 0	, 0	, 0	, 0	, 0	, 0	, 0	, 0	, 0	, 0	, 0	, 0	, 0	, 0	, 0	, 0	, 0	, 0	, 0	, 0	, 0	, 0	, 0	, 0	, 0	, 0	, 0	, 0	, 0	, 0	, 0	, 0	, 0	, 0	, 0	, 0	, 0	, 0	, 0	, 0	, 0	, 0	, 0	, 0	, 0	, 0	, 0	, 0	, 0	, 0	, 0	, 0	, 0	, 0	, 0	}:
{0,	98	, 0	, 0	, 0	, 0	, 0	, 0	, 0	, 0	, 0	, 0.000803859	, 0.0008	, 0	, 0	, 0.00203459	, 0.00222222	, 0.00697674	, 0.0153061	, 0.0345369	, 0.0719178	, 0.122047	, 0.098081	, 0.133508	, 0.090625	, 0.103571	, 0.0786026	, 0.101695	, 0.0580645	, 0.0743243	, 0.0186916	, 0	, 0.0555556	, 0.04	, 0	, 0	, 0	, 0	, 0	, 0	, 0	, 0	, 0	, 0	, 0	, 0	, 0	, 0	, 0	, 0	, 0	, 0	, 0	, 0	, 0	, 0	, 0	, 0	, 0	, 0	, 0	, 0	, 0	, 0	, 0	, 0	, 0	, 0	, 0	, 0	, 0	, 0	, 0	, 0	, 0	, 0	, 0	, 0	, 0	, 0	, 0	, 0	, 0	, 0	, 0	, 0	, 0	, 0	, 0	, 0	, 0	, 0	, 0	, 0	, 0	, 0	, 0	, 0	, 0	, 0	, 0	}:
{0,	98	, 0	, 0	, 0	, 0	, 0	, 0	, 0	, 0	, 0	, 0.000803859	, 0	, 0	, 0.000873362	, 0	, 0	, 0.00232558	, 0.00510204	, 0.010989	, 0.0410959	, 0.0629921	, 0.100213	, 0.157068	, 0.134375	, 0.117857	, 0.0960699	, 0.101695	, 0.0322581	, 0.0540541	, 0.0280374	, 0.049505	, 0.0277778	, 0.02	, 0.047619	, 0	, 0.0434783	, 0	, 0	, 0	, 0	, 0	, 0	, 0	, 0	, 0	, 0	, 0	, 0	, 0	, 0	, 0	, 0	, 0	, 0	, 0	, 0	, 0	, 0	, 0	, 0	, 0	, 0	, 0	, 0	, 0	, 0	, 0	, 0	, 0	, 0	, 0	, 0	, 0	, 0	, 0	, 0	, 0	, 0	, 0	, 0	, 0	, 0	, 0	, 0	, 0	, 0	, 0	, 0	, 0	, 0	, 0	, 0	, 0	, 0	, 0	, 0	, 0	, 0	, 0	, 0	}:
{0,	98	, 0	, 0	, 0	, 0	, 0	, 0	, 0	, 0	, 0.000785546	, 0	, 0	, 0.000827815	, 0	, 0.00101729	, 0.00111111	, 0	, 0.00127551	, 0.0125589	, 0.0136986	, 0.0295276	, 0.0746269	, 0.0497382	, 0.140625	, 0.117857	, 0.131004	, 0.129944	, 0.116129	, 0.0608108	, 0.046729	, 0.019802	, 0.0555556	, 0.08	, 0.047619	, 0	, 0	, 0	, 0	, 0.0833333	, 0	, 0	, 0.25	, 0	, 0	, 0	, 0	, 0	, 0	, 0	, 0	, 0	, 0	, 0	, 0	, 0	, 0	, 0	, 0	, 0	, 0	, 0	, 0	, 0	, 0	, 0	, 0	, 0	, 0	, 0	, 0	, 0	, 0	, 0	, 0	, 0	, 0	, 0	, 0	, 0	, 0	, 0	, 0	, 0	, 0	, 0	, 0	, 0	, 0	, 0	, 0	, 0	, 0	, 0	, 0	, 0	, 0	, 0	, 0	, 0	, 0	}:
{0,	98	, 0	, 0	, 0	, 0	, 0	, 0	, 0	, 0	, 0	, 0	, 0	, 0	, 0	, 0	, 0	, 0	, 0.00255102	, 0.00156986	, 0.00684932	, 0.0216535	, 0.0362473	, 0.0863874	, 0.090625	, 0.107143	, 0.126638	, 0.101695	, 0.0967742	, 0.0945946	, 0.0841121	, 0.019802	, 0.0555556	, 0.02	, 0.0238095	, 0	, 0.0434783	, 0	, 0	, 0.0833333	, 0.0909091	, 0	, 0	, 0	, 0	, 0	, 0	, 0	, 0	, 0	, 0	, 0	, 0	, 0	, 0	, 0	, 0	, 0	, 0	, 0	, 0	, 0	, 0	, 0	, 0	, 0	, 0	, 0	, 0	, 0	, 0	, 0	, 0	, 0	, 0	, 0	, 0	, 0	, 0	, 0	, 0	, 0	, 0	, 0	, 0	, 0	, 0	, 0	, 0	, 0	, 0	, 0	, 0	, 0	, 0	, 0	, 0	, 0	, 0	, 0	, 0	}:
{0,	98	, 0	, 0	, 0	, 0	, 0	, 0	, 0	, 0	, 0	, 0	, 0	, 0	, 0	, 0	, 0	, 0	, 0.00127551	, 0	, 0.00342466	, 0.00984252	, 0.021322	, 0.0287958	, 0.053125	, 0.0821429	, 0.126638	, 0.118644	, 0.103226	, 0.0945946	, 0.0841121	, 0.049505	, 0.0277778	, 0.08	, 0.047619	, 0	, 0	, 0	, 0.05	, 0.0833333	, 0	, 0	, 0	, 0	, 0	, 0	, 0	, 0	, 0	, 0	, 0	, 0	, 0	, 0	, 0	, 0	, 0	, 0	, 0	, 0	, 0	, 0	, 0	, 0	, 0	, 0	, 0	, 0	, 0	, 0	, 0	, 0	, 0	, 0	, 0	, 0	, 0	, 0	, 0	, 0	, 0	, 0	, 0	, 0	, 0	, 0	, 0	, 0	, 0	, 0	, 0	, 0	, 0	, 0	, 0	, 0	, 0	, 0	, 0	, 0	, 0	}:
{0,	98	, 0	, 0	, 0	, 0	, 0	, 0	, 0	, 0	, 0	, 0	, 0	, 0	, 0	, 0	, 0.00111111	, 0	, 0	, 0.00313972	, 0	, 0.00590551	, 0.0127932	, 0.013089	, 0.05	, 0.0714286	, 0.0655022	, 0.0564972	, 0.0967742	, 0.0945946	, 0.0841121	, 0.0990099	, 0.125	, 0.02	, 0.0714286	, 0.0344828	, 0	, 0.15	, 0	, 0	, 0	, 0.125	, 0	, 0	, 0	, 0	, 0	, 0	, 0	, 0	, 0	, 0	, 0	, 0	, 0	, 0	, 0	, 0	, 0	, 0	, 0	, 0	, 0	, 0	, 0	, 0	, 0	, 0	, 0	, 0	, 0	, 0	, 0	, 0	, 0	, 0	, 0	, 0	, 0	, 0	, 0	, 0	, 0	, 0	, 0	, 0	, 0	, 0	, 0	, 0	, 0	, 0	, 0	, 0	, 0	, 0	, 0	, 0	, 0	, 0	, 0	}:
{0,	98	, 0	, 0	, 0	, 0	, 0	, 0	, 0	, 0	, 0	, 0	, 0	, 0	, 0	, 0	, 0	, 0	, 0	, 0.00156986	, 0.00171233	, 0.00590551	, 0.0021322	, 0.0078534	, 0.021875	, 0.0392857	, 0.069869	, 0.0677966	, 0.109677	, 0.101351	, 0.11215	, 0.148515	, 0.0416667	, 0.06	, 0.166667	, 0.0689655	, 0.0434783	, 0.1	, 0.05	, 0	, 0	, 0	, 0	, 0	, 0	, 0	, 0	, 0	, 0	, 0	, 0	, 0	, 0	, 0	, 0	, 0	, 0	, 0	, 0	, 0	, 0	, 0	, 0	, 0	, 0	, 0	, 0	, 0	, 0	, 0	, 0	, 0	, 0	, 0	, 0	, 0	, 0	, 0	, 0	, 0	, 0	, 0	, 0	, 0	, 0	, 0	, 0	, 0	, 0	, 0	, 0	, 0	, 0	, 0	, 0	, 0	, 0	, 0	, 0	, 0	, 0	}:
{0,	98	, 0	, 0	, 0	, 0	, 0	, 0	, 0	, 0	, 0	, 0.000803859	, 0	, 0	, 0	, 0	, 0	, 0	, 0	, 0	, 0.00342466	, 0.0019685	, 0.0021322	, 0	, 0	, 0.0392857	, 0.0567686	, 0.0508475	, 0.103226	, 0.135135	, 0.121495	, 0.148515	, 0.111111	, 0.08	, 0.0714286	, 0	, 0.173913	, 0.05	, 0	, 0	, 0.0909091	, 0	, 0	, 0	, 0	, 0	, 0	, 0	, 0	, 0	, 0	, 0	, 0	, 0	, 0	, 0	, 0	, 0	, 0	, 0	, 0	, 0	, 0	, 0	, 0	, 0	, 0	, 0	, 0	, 0	, 0	, 0	, 0	, 0	, 0	, 0	, 0	, 0	, 0	, 0	, 0	, 0	, 0	, 0	, 0	, 0	, 0	, 0	, 0	, 0	, 0	, 0	, 0	, 0	, 0	, 0	, 0	, 0	, 0	, 0	, 0	}:
{0,	98	, 0	, 0	, 0	, 0	, 0	, 0	, 0	, 0	, 0	, 0	, 0	, 0	, 0	, 0	, 0	, 0	, 0	, 0	, 0	, 0.00393701	, 0	, 0.0026178	, 0.003125	, 0.00357143	, 0.00436681	, 0.0508475	, 0.0516129	, 0.0743243	, 0.130841	, 0.0990099	, 0.125	, 0.12	, 0.119048	, 0.137931	, 0.0434783	, 0.05	, 0	, 0.0833333	, 0	, 0	, 0	, 0	, 0	, 0	, 0	, 0	, 0	, 0	, 0	, 0	, 0	, 0	, 0	, 0	, 0	, 0	, 0	, 0	, 0	, 0	, 0	, 0	, 0	, 0	, 0	, 0	, 0	, 0	, 0	, 0	, 0	, 0	, 0	, 0	, 0	, 0	, 0	, 0	, 0	, 0	, 0	, 0	, 0	, 0	, 0	, 0	, 0	, 0	, 0	, 0	, 0	, 0	, 0	, 0	, 0	, 0	, 0	, 0	, 0	}:
{0,	98	, 0	, 0	, 0	, 0	, 0	, 0	, 0	, 0	, 0	, 0	, 0	, 0	, 0	, 0	, 0	, 0	, 0	, 0	, 0	, 0	, 0	, 0.0026178	, 0	, 0	, 0.00436681	, 0.0112994	, 0.0322581	, 0.0878378	, 0.0654206	, 0.0693069	, 0.0277778	, 0.08	, 0.0238095	, 0.172414	, 0.130435	, 0.05	, 0	, 0.0833333	, 0	, 0	, 0	, 0	, 0	, 0	, 0	, 0	, 0	, 0	, 0	, 0	, 0	, 0	, 0	, 0	, 0	, 0	, 0	, 0	, 0	, 0	, 0	, 0	, 0	, 0	, 0	, 0	, 0	, 0	, 0	, 0	, 0	, 0	, 0	, 0	, 0	, 0	, 0	, 0	, 0	, 0	, 0	, 0	, 0	, 0	, 0	, 0	, 0	, 0	, 0	, 0	, 0	, 0	, 0	, 0	, 0	, 0	, 0	, 0	, 0	}:
{0,	98	, 0	, 0	, 0	, 0	, 0	, 0	, 0	, 0	, 0	, 0	, 0	, 0	, 0.000873362	, 0	, 0	, 0	, 0	, 0.00156986	, 0	, 0	, 0	, 0	, 0	, 0.00357143	, 0	, 0.0112994	, 0.0258065	, 0.0135135	, 0.0841121	, 0.039604	, 0.111111	, 0.1	, 0.047619	, 0.0689655	, 0	, 0.15	, 0.05	, 0	, 0.0909091	, 0	, 0	, 0.25	, 0	, 0	, 0	, 0	, 0	, 0	, 0	, 0	, 0	, 0	, 0	, 0	, 0	, 0	, 0	, 0	, 0	, 0	, 0	, 0	, 0	, 0	, 0	, 0	, 0	, 0	, 0	, 0	, 0	, 0	, 0	, 0	, 0	, 0	, 0	, 0	, 0	, 0	, 0	, 0	, 0	, 0	, 0	, 0	, 0	, 0	, 0	, 0	, 0	, 0	, 0	, 0	, 0	, 0	, 0	, 0	, 0	}:
{0,	98	, 0	, 0	, 0	, 0	, 0	, 0	, 0	, 0	, 0	, 0	, 0	, 0	, 0	, 0	, 0	, 0	, 0	, 0	, 0	, 0.0019685	, 0.0021322	, 0	, 0	, 0	, 0	, 0.00564972	, 0.00645161	, 0.0202703	, 0.0280374	, 0.0693069	, 0.0694444	, 0.04	, 0.0714286	, 0.0689655	, 0.0869565	, 0.05	, 0	, 0.0833333	, 0.0909091	, 0	, 0.25	, 0	, 0	, 0	, 0	, 0	, 0	, 0	, 0	, 0	, 0	, 0	, 0	, 0	, 0	, 0	, 0	, 0	, 0	, 0	, 0	, 0	, 0	, 0	, 0	, 0	, 0	, 0	, 0	, 0	, 0	, 0	, 0	, 0	, 0	, 0	, 0	, 0	, 0	, 0	, 0	, 0	, 0	, 0	, 0	, 0	, 0	, 0	, 0	, 0	, 0	, 0	, 0	, 0	, 0	, 0	, 0	, 0	, 0	}:
{0,	98	, 0	, 0	, 0	, 0	, 0	, 0	, 0	, 0	, 0	, 0	, 0	, 0	, 0	, 0	, 0	, 0	, 0	, 0	, 0	, 0	, 0	, 0.0052356	, 0	, 0.00714286	, 0	, 0	, 0	, 0	, 0.0186916	, 0.019802	, 0.0416667	, 0.08	, 0.047619	, 0.0689655	, 0	, 0.05	, 0.25	, 0.0833333	, 0	, 0	, 0	, 0	, 0.5	, 0.5	, 0	, 0	, 0	, 0	, 0	, 0	, 0	, 0	, 0	, 0	, 0	, 0	, 0	, 0	, 0	, 0	, 0	, 0	, 0	, 0	, 0	, 0	, 0	, 0	, 0	, 0	, 0	, 0	, 0	, 0	, 0	, 0	, 0	, 0	, 0	, 0	, 0	, 0	, 0	, 0	, 0	, 0	, 0	, 0	, 0	, 0	, 0	, 0	, 0	, 0	, 0	, 0	, 0	, 0	, 0	}:
{0,	98	, 0	, 0	, 0	, 0	, 0	, 0	, 0	, 0	, 0	, 0	, 0	, 0	, 0	, 0	, 0	, 0	, 0	, 0	, 0	, 0	, 0	, 0	, 0	, 0	, 0	, 0	, 0	, 0	, 0	, 0.039604	, 0.0138889	, 0.04	, 0.047619	, 0.0344828	, 0.0434783	, 0.05	, 0.1	, 0	, 0	, 0	, 0	, 0	, 0	, 0	, 0	, 0	, 0	, 0	, 0	, 0	, 0	, 0	, 0	, 0	, 0	, 0	, 0	, 0	, 0	, 0	, 0	, 0	, 0	, 0	, 0	, 0	, 0	, 0	, 0	, 0	, 0	, 0	, 0	, 0	, 0	, 0	, 0	, 0	, 0	, 0	, 0	, 0	, 0	, 0	, 0	, 0	, 0	, 0	, 0	, 0	, 0	, 0	, 0	, 0	, 0	, 0	, 0	, 0	, 0	}:
{0,	98	, 0	, 0	, 0	, 0	, 0	, 0	, 0	, 0	, 0	, 0	, 0	, 0	, 0	, 0	, 0	, 0	, 0	, 0	, 0	, 0	, 0	, 0	, 0	, 0	, 0	, 0	, 0.00645161	, 0	, 0.00934579	, 0.019802	, 0.0138889	, 0.04	, 0.0714286	, 0.103448	, 0.0869565	, 0.05	, 0	, 0	, 0	, 0	, 0	, 0	, 0	, 0	, 0	, 0	, 0	, 0	, 0	, 0	, 0	, 0	, 0	, 0	, 0	, 0	, 0	, 0	, 0	, 0	, 0	, 0	, 0	, 0	, 0	, 0	, 0	, 0	, 0	, 0	, 0	, 0	, 0	, 0	, 0	, 0	, 0	, 0	, 0	, 0	, 0	, 0	, 0	, 0	, 0	, 0	, 0	, 0	, 0	, 0	, 0	, 0	, 0	, 0	, 0	, 0	, 0	, 0	, 0	}:
{0,	98	, 0	, 0	, 0	, 0	, 0	, 0	, 0	, 0	, 0	, 0	, 0	, 0	, 0.000873362	, 0	, 0	, 0	, 0	, 0	, 0	, 0	, 0	, 0	, 0.003125	, 0	, 0	, 0	, 0	, 0	, 0	, 0	, 0	, 0.02	, 0.0238095	, 0.103448	, 0.0434783	, 0.1	, 0.25	, 0	, 0	, 0	, 0	, 0	, 0	, 0	, 1	, 0	, 0	, 0	, 0	, 0	, 0	, 0	, 0	, 0	, 0	, 0	, 0	, 0	, 0	, 0	, 0	, 0	, 0	, 0	, 0	, 0	, 0	, 0	, 0	, 0	, 0	, 0	, 0	, 0	, 0	, 0	, 0	, 0	, 0	, 0	, 0	, 0	, 0	, 0	, 0	, 0	, 0	, 0	, 0	, 0	, 0	, 0	, 0	, 0	, 0	, 0	, 0	, 0	, 0	}:
{0,	98	, 0	, 0	, 0	, 0	, 0	, 0	, 0	, 0	, 0	, 0	, 0	, 0	, 0	, 0	, 0	, 0	, 0	, 0	, 0	, 0	, 0	, 0	, 0	, 0	, 0	, 0	, 0	, 0	, 0	, 0	, 0	, 0	, 0.0714286	, 0.103448	, 0.0434783	, 0.1	, 0	, 0.0833333	, 0.0909091	, 0.25	, 0	, 0	, 0	, 0	, 0	, 0	, 0	, 0	, 0	, 0	, 0	, 0	, 0	, 0	, 0	, 0	, 0	, 0	, 0	, 0	, 0	, 0	, 0	, 0	, 0	, 0	, 0	, 0	, 0	, 0	, 0	, 0	, 0	, 0	, 0	, 0	, 0	, 0	, 0	, 0	, 0	, 0	, 0	, 0	, 0	, 0	, 0	, 0	, 0	, 0	, 0	, 0	, 0	, 0	, 0	, 0	, 0	, 0	, 0	}:
{0,	98	, 0	, 0	, 0	, 0	, 0	, 0	, 0	, 0	, 0	, 0	, 0	, 0	, 0	, 0	, 0	, 0	, 0	, 0	, 0	, 0	, 0	, 0	, 0	, 0	, 0	, 0	, 0	, 0.00675676	, 0	, 0	, 0	, 0.02	, 0	, 0	, 0	, 0.05	, 0	, 0	, 0.0909091	, 0.125	, 0	, 0.25	, 0	, 0	, 0	, 0	, 0	, 0	, 0	, 0	, 0	, 0	, 0	, 0	, 0	, 0	, 0	, 0	, 0	, 0	, 0	, 0	, 0	, 0	, 0	, 0	, 0	, 0	, 0	, 0	, 0	, 0	, 0	, 0	, 0	, 0	, 0	, 0	, 0	, 0	, 0	, 0	, 0	, 0	, 0	, 0	, 0	, 0	, 0	, 0	, 0	, 0	, 0	, 0	, 0	, 0	, 0	, 0	, 0	}:
{0,	98	, 0	, 0	, 0	, 0	, 0	, 0	, 0	, 0	, 0	, 0	, 0	, 0	, 0	, 0	, 0	, 0	, 0	, 0	, 0	, 0	, 0	, 0	, 0.003125	, 0	, 0	, 0	, 0	, 0	, 0	, 0	, 0	, 0	, 0	, 0	, 0.0869565	, 0	, 0.05	, 0.166667	, 0	, 0.125	, 0	, 0	, 0	, 0	, 0	, 0	, 0	, 0	, 0	, 0	, 0	, 0	, 0	, 0	, 0	, 0	, 0	, 0	, 0	, 0	, 0	, 0	, 0	, 0	, 0	, 0	, 0	, 0	, 0	, 0	, 0	, 0	, 0	, 0	, 0	, 0	, 0	, 0	, 0	, 0	, 0	, 0	, 0	, 0	, 0	, 0	, 0	, 0	, 0	, 0	, 0	, 0	, 0	, 0	, 0	, 0	, 0	, 0	, 0	}:
{0,	98	, 0	, 0	, 0	, 0	, 0	, 0	, 0	, 0	, 0	, 0	, 0	, 0	, 0	, 0	, 0	, 0	, 0	, 0	, 0	, 0	, 0	, 0	, 0	, 0	, 0	, 0	, 0	, 0	, 0	, 0	, 0	, 0	, 0	, 0	, 0.0434783	, 0	, 0	, 0	, 0.181818	, 0.25	, 0	, 0	, 0.25	, 0	, 0	, 1	, 0	, 0	, 0	, 0	, 0	, 0	, 0	, 0	, 0	, 0	, 0	, 0	, 0	, 0	, 0	, 0	, 0	, 0	, 0	, 0	, 0	, 0	, 0	, 0	, 0	, 0	, 0	, 0	, 0	, 0	, 0	, 0	, 0	, 0	, 0	, 0	, 0	, 0	, 0	, 0	, 0	, 0	, 0	, 0	, 0	, 0	, 0	, 0	, 0	, 0	, 0	, 0	, 0	}:
{0,	98	, 0	, 0	, 0	, 0	, 0	, 0	, 0	, 0	, 0	, 0	, 0	, 0	, 0	, 0	, 0	, 0	, 0	, 0	, 0	, 0	, 0	, 0	, 0	, 0	, 0	, 0	, 0	, 0	, 0	, 0	, 0	, 0	, 0	, 0	, 0	, 0	, 0.05	, 0	, 0.0909091	, 0	, 0.25	, 0.25	, 0	, 0	, 0	, 0	, 0	, 0	, 0	, 0	, 0	, 0	, 0	, 0	, 0	, 0	, 0	, 0	, 0	, 0	, 0	, 0	, 0	, 0	, 0	, 0	, 0	, 0	, 0	, 0	, 0	, 0	, 0	, 0	, 0	, 0	, 0	, 0	, 0	, 0	, 0	, 0	, 0	, 0	, 0	, 0	, 0	, 0	, 0	, 0	, 0	, 0	, 0	, 0	, 0	, 0	, 0	, 0	, 0	}:
{0,	98	, 0	, 0	, 0	, 0	, 0	, 0	, 0	, 0	, 0	, 0	, 0	, 0	, 0	, 0	, 0	, 0	, 0	, 0	, 0	, 0	, 0	, 0	, 0	, 0	, 0	, 0	, 0	, 0	, 0	, 0	, 0.0138889	, 0	, 0	, 0	, 0	, 0	, 0	, 0	, 0	, 0	, 0.25	, 0	, 0.25	, 0	, 0	, 0	, 0	, 0	, 0	, 0	, 0	, 0	, 0	, 0	, 0	, 0	, 0	, 0	, 0	, 0	, 0	, 0	, 0	, 0	, 0	, 0	, 0	, 0	, 0	, 0	, 0	, 0	, 0	, 0	, 0	, 0	, 0	, 0	, 0	, 0	, 0	, 0	, 0	, 0	, 0	, 0	, 0	, 0	, 0	, 0	, 0	, 0	, 0	, 0	, 0	, 0	, 0	, 0	, 0	}:
{0,	98	, 0	, 0	, 0	, 0	, 0	, 0	, 0	, 0	, 0	, 0	, 0	, 0	, 0	, 0	, 0	, 0	, 0	, 0	, 0	, 0	, 0	, 0	, 0	, 0	, 0	, 0	, 0	, 0	, 0	, 0	, 0	, 0	, 0	, 0	, 0	, 0	, 0.05	, 0	, 0	, 0	, 0	, 0	, 0	, 0	, 0	, 0	, 0	, 0	, 0	, 0	, 0	, 0	, 0	, 0	, 0	, 0	, 0	, 0	, 0	, 0	, 0	, 0	, 0	, 0	, 0	, 0	, 0	, 0	, 0	, 0	, 0	, 0	, 0	, 0	, 0	, 0	, 0	, 0	, 0	, 0	, 0	, 0	, 0	, 0	, 0	, 0	, 0	, 0	, 0	, 0	, 0	, 0	, 0	, 0	, 0	, 0	, 0	, 0	, 0	}:
{0,	98	, 0	, 0	, 0	, 0	, 0	, 0	, 0	, 0	, 0	, 0	, 0	, 0	, 0	, 0	, 0	, 0	, 0	, 0	, 0	, 0	, 0	, 0	, 0	, 0	, 0	, 0	, 0	, 0	, 0	, 0	, 0	, 0	, 0	, 0	, 0	, 0	, 0	, 0	, 0	, 0	, 0	, 0	, 0	, 0	, 0	, 0	, 0	, 0	, 0	, 0	, 0	, 0	, 0	, 0	, 0	, 0	, 0	, 0	, 0	, 0	, 0	, 0	, 0	, 0	, 0	, 0	, 0	, 0	, 0	, 0	, 0	, 0	, 0	, 0	, 0	, 0	, 0	, 0	, 0	, 0	, 0	, 0	, 0	, 0	, 0	, 0	, 0	, 0	, 0	, 0	, 0	, 0	, 0	, 0	, 0	, 0	, 0	, 0	, 0	}:
{0,	98	, 0	, 0	, 0	, 0	, 0	, 0	, 0	, 0	, 0	, 0	, 0	, 0	, 0	, 0	, 0	, 0	, 0	, 0	, 0	, 0	, 0	, 0	, 0	, 0	, 0	, 0	, 0	, 0	, 0	, 0	, 0	, 0	, 0	, 0	, 0	, 0	, 0	, 0	, 0	, 0	, 0	, 0	, 0	, 0	, 0	, 0	, 0	, 0	, 0	, 0	, 0	, 0	, 0	, 0	, 0	, 0	, 0	, 0	, 0	, 0	, 0	, 0	, 0	, 0	, 0	, 0	, 0	, 0	, 0	, 0	, 0	, 0	, 0	, 0	, 0	, 0	, 0	, 0	, 0	, 0	, 0	, 0	, 0	, 0	, 0	, 0	, 0	, 0	, 0	, 0	, 0	, 0	, 0	, 0	, 0	, 0	, 0	, 0	, 0	}:
{0,	98	, 0	, 0	, 0	, 0	, 0	, 0	, 0	, 0	, 0	, 0	, 0	, 0	, 0	, 0	, 0	, 0	, 0	, 0	, 0	, 0	, 0	, 0	, 0	, 0	, 0	, 0	, 0	, 0	, 0	, 0	, 0	, 0	, 0	, 0	, 0	, 0	, 0	, 0	, 0	, 0.125	, 0	, 0.25	, 0	, 0	, 0	, 0	, 0	, 0	, 0	, 0	, 0	, 0	, 0	, 0	, 0	, 0	, 0	, 0	, 0	, 0	, 0	, 0	, 0	, 0	, 0	, 0	, 0	, 0	, 0	, 0	, 0	, 0	, 0	, 0	, 0	, 0	, 0	, 0	, 0	, 0	, 0	, 0	, 0	, 0	, 0	, 0	, 0	, 0	, 0	, 0	, 0	, 0	, 0	, 0	, 0	, 0	, 0	, 0	, 0	}:
{0,	98	, 0	, 0	, 0	, 0	, 0	, 0	, 0	, 0	, 0	, 0	, 0	, 0	, 0	, 0	, 0	, 0	, 0	, 0	, 0	, 0	, 0	, 0	, 0	, 0	, 0	, 0	, 0	, 0	, 0	, 0	, 0	, 0	, 0	, 0	, 0	, 0	, 0.05	, 0.0833333	, 0	, 0	, 0	, 0	, 0	, 0	, 0	, 0	, 0	, 0	, 0	, 0	, 0	, 0	, 0	, 0	, 0	, 0	, 0	, 0	, 0	, 0	, 0	, 0	, 0	, 0	, 0	, 0	, 0	, 0	, 0	, 0	, 0	, 0	, 0	, 0	, 0	, 0	, 0	, 0	, 0	, 0	, 0	, 0	, 0	, 0	, 0	, 0	, 0	, 0	, 0	, 0	, 0	, 0	, 0	, 0	, 0	, 0	, 0	, 0	, 0	}:
{0,	98	, 0	, 0	, 0	, 0	, 0	, 0	, 0	, 0	, 0	, 0	, 0	, 0	, 0	, 0	, 0	, 0	, 0	, 0	, 0	, 0	, 0	, 0	, 0	, 0	, 0	, 0	, 0	, 0	, 0	, 0	, 0	, 0	, 0	, 0	, 0	, 0	, 0	, 0	, 0.0909091	, 0	, 0	, 0	, 0	, 0	, 0	, 0	, 0	, 0	, 0	, 0	, 0	, 0	, 0	, 0	, 0	, 0	, 0	, 0	, 0	, 0	, 0	, 0	, 0	, 0	, 0	, 0	, 0	, 0	, 0	, 0	, 0	, 0	, 0	, 0	, 0	, 0	, 0	, 0	, 0	, 0	, 0	, 0	, 0	, 0	, 0	, 0	, 0	, 0	, 0	, 0	, 0	, 0	, 0	, 0	, 0	, 0	, 0	, 0	, 0	}:
{0,	98	, 0	, 0	, 0	, 0	, 0	, 0	, 0	, 0	, 0	, 0	, 0	, 0	, 0	, 0	, 0	, 0	, 0	, 0	, 0	, 0	, 0	, 0	, 0	, 0	, 0	, 0	, 0	, 0	, 0	, 0	, 0	, 0	, 0	, 0	, 0	, 0	, 0	, 0	, 0	, 0	, 0	, 0	, 0	, 0	, 0	, 0	, 1	, 0	, 0	, 0	, 0	, 0	, 0	, 0	, 0	, 0	, 0	, 0	, 0	, 0	, 0	, 0	, 0	, 0	, 0	, 0	, 0	, 0	, 0	, 0	, 0	, 0	, 0	, 0	, 0	, 0	, 0	, 0	, 0	, 0	, 0	, 0	, 0	, 0	, 0	, 0	, 0	, 0	, 0	, 0	, 0	, 0	, 0	, 0	, 0	, 0	, 0	, 0	, 0	}:
{0,	98	, 0	, 0	, 0	, 0	, 0	, 0	, 0	, 0	, 0	, 0	, 0	, 0	, 0	, 0	, 0	, 0	, 0	, 0	, 0	, 0	, 0	, 0	, 0	, 0	, 0	, 0	, 0	, 0	, 0	, 0	, 0	, 0	, 0	, 0	, 0	, 0	, 0	, 0	, 0	, 0	, 0	, 0	, 0	, 0	, 0	, 0	, 0	, 0	, 0	, 0	, 0	, 0	, 0	, 0	, 0	, 0	, 0	, 0	, 0	, 0	, 0	, 0	, 0	, 0	, 0	, 0	, 0	, 0	, 0	, 0	, 0	, 0	, 0	, 0	, 0	, 0	, 0	, 0	, 0	, 0	, 0	, 0	, 0	, 0	, 0	, 0	, 0	, 0	, 0	, 0	, 0	, 0	, 0	, 0	, 0	, 0	, 0	, 0	, 0	}:
{0,	98	, 0	, 0	, 0	, 0	, 0	, 0	, 0	, 0	, 0	, 0	, 0	, 0	, 0	, 0	, 0	, 0	, 0	, 0	, 0	, 0	, 0	, 0	, 0	, 0	, 0	, 0	, 0	, 0	, 0	, 0	, 0	, 0	, 0	, 0	, 0	, 0	, 0	, 0	, 0	, 0	, 0	, 0	, 0	, 0	, 0	, 0	, 0	, 0	, 0	, 0	, 0	, 0	, 0	, 0	, 0	, 0	, 0	, 0	, 0	, 0	, 0	, 0	, 0	, 0	, 0	, 0	, 0	, 0	, 0	, 0	, 0	, 0	, 0	, 0	, 0	, 0	, 0	, 0	, 0	, 0	, 0	, 0	, 0	, 0	, 0	, 0	, 0	, 0	, 0	, 0	, 0	, 0	, 0	, 0	, 0	, 0	, 0	, 0	, 0	}:
{0,	98	, 0	, 0	, 0	, 0	, 0	, 0	, 0	, 0	, 0	, 0	, 0	, 0	, 0	, 0	, 0	, 0	, 0	, 0	, 0	, 0	, 0	, 0	, 0	, 0	, 0	, 0	, 0	, 0	, 0	, 0	, 0	, 0	, 0	, 0	, 0	, 0	, 0	, 0	, 0	, 0	, 0	, 0	, 0	, 0	, 0	, 0	, 0	, 0	, 0	, 0	, 0	, 0	, 0	, 0	, 0	, 0	, 0	, 0	, 0	, 0	, 0	, 0	, 0	, 0	, 0	, 0	, 0	, 0	, 0	, 0	, 0	, 0	, 0	, 0	, 0	, 0	, 0	, 0	, 0	, 0	, 0	, 0	, 0	, 0	, 0	, 0	, 0	, 0	, 0	, 0	, 0	, 0	, 0	, 0	, 0	, 0	, 0	, 0	, 0	}:
{0,	98	, 0	, 0	, 0	, 0	, 0	, 0	, 0	, 0	, 0	, 0	, 0	, 0	, 0	, 0	, 0	, 0	, 0	, 0	, 0	, 0	, 0	, 0	, 0	, 0	, 0	, 0	, 0	, 0	, 0	, 0	, 0	, 0	, 0	, 0	, 0	, 0	, 0	, 0	, 0	, 0	, 0	, 0	, 0	, 0	, 0	, 0	, 0	, 0	, 0	, 0	, 0	, 0	, 0	, 0	, 0	, 0	, 0	, 0	, 0	, 0	, 0	, 0	, 0	, 0	, 0	, 0	, 0	, 0	, 0	, 0	, 0	, 0	, 0	, 0	, 0	, 0	, 0	, 0	, 0	, 0	, 0	, 0	, 0	, 0	, 0	, 0	, 0	, 0	, 0	, 0	, 0	, 0	, 0	, 0	, 0	, 0	, 0	, 0	, 0	}:
{0,	98	, 0	, 0	, 0	, 0	, 0	, 0	, 0	, 0	, 0	, 0	, 0	, 0	, 0	, 0	, 0	, 0	, 0	, 0	, 0	, 0	, 0	, 0	, 0	, 0	, 0	, 0	, 0	, 0	, 0	, 0	, 0	, 0	, 0	, 0	, 0	, 0	, 0	, 0	, 0	, 0	, 0	, 0	, 0	, 0	, 0	, 0	, 0	, 0	, 0	, 0	, 0	, 0	, 0	, 0	, 0	, 0	, 0	, 0	, 0	, 0	, 0	, 0	, 0	, 0	, 0	, 0	, 0	, 0	, 0	, 0	, 0	, 0	, 0	, 0	, 0	, 0	, 0	, 0	, 0	, 0	, 0	, 0	, 0	, 0	, 0	, 0	, 0	, 0	, 0	, 0	, 0	, 0	, 0	, 0	, 0	, 0	, 0	, 0	, 0	}:
{0,	98	, 0	, 0	, 0	, 0	, 0	, 0	, 0	, 0	, 0	, 0	, 0	, 0	, 0	, 0	, 0	, 0	, 0	, 0	, 0	, 0	, 0	, 0	, 0	, 0	, 0	, 0	, 0	, 0	, 0	, 0	, 0	, 0	, 0	, 0	, 0	, 0	, 0	, 0	, 0	, 0	, 0	, 0	, 0	, 0	, 0	, 0	, 0	, 0	, 0	, 0	, 0	, 0	, 0	, 0	, 0	, 0	, 0	, 0	, 0	, 0	, 0	, 0	, 0	, 0	, 0	, 0	, 0	, 0	, 0	, 0	, 0	, 0	, 0	, 0	, 0	, 0	, 0	, 0	, 0	, 0	, 0	, 0	, 0	, 0	, 0	, 0	, 0	, 0	, 0	, 0	, 0	, 0	, 0	, 0	, 0	, 0	, 0	, 0	, 0	}:
{0,	98	, 0	, 0	, 0	, 0	, 0	, 0	, 0	, 0	, 0	, 0	, 0	, 0	, 0	, 0	, 0	, 0	, 0	, 0	, 0	, 0	, 0	, 0	, 0	, 0	, 0	, 0	, 0	, 0	, 0	, 0	, 0	, 0	, 0	, 0	, 0	, 0	, 0	, 0	, 0	, 0	, 0	, 0	, 0	, 0	, 0	, 0	, 0	, 0	, 0	, 0	, 0	, 0	, 0	, 0	, 0	, 0	, 0	, 0	, 0	, 0	, 0	, 0	, 0	, 0	, 0	, 0	, 0	, 0	, 0	, 0	, 0	, 0	, 0	, 0	, 0	, 0	, 0	, 0	, 0	, 0	, 0	, 0	, 0	, 0	, 0	, 0	, 0	, 0	, 0	, 0	, 0	, 0	, 0	, 0	, 0	, 0	, 0	, 0	, 0	}:
{0,	98	, 0	, 0	, 0	, 0	, 0	, 0	, 0	, 0	, 0	, 0	, 0	, 0	, 0	, 0	, 0	, 0	, 0	, 0	, 0	, 0	, 0	, 0	, 0	, 0	, 0	, 0	, 0	, 0	, 0	, 0	, 0	, 0	, 0	, 0	, 0	, 0	, 0	, 0	, 0	, 0	, 0	, 0	, 0	, 0	, 0	, 0	, 0	, 0	, 0	, 0	, 0	, 0	, 0	, 0	, 0	, 0	, 0	, 0	, 0	, 0	, 0	, 0	, 0	, 0	, 0	, 0	, 0	, 0	, 0	, 0	, 0	, 0	, 0	, 0	, 0	, 0	, 0	, 0	, 0	, 0	, 0	, 0	, 0	, 0	, 0	, 0	, 0	, 0	, 0	, 0	, 0	, 0	, 0	, 0	, 0	, 0	, 0	, 0	, 0	}:
{0,	98	, 0	, 0	, 0	, 0	, 0	, 0	, 0	, 0	, 0	, 0	, 0	, 0	, 0	, 0	, 0	, 0	, 0	, 0	, 0	, 0	, 0	, 0	, 0	, 0	, 0	, 0	, 0	, 0	, 0	, 0	, 0	, 0	, 0	, 0	, 0	, 0	, 0	, 0	, 0	, 0	, 0	, 0	, 0	, 0	, 0	, 0	, 0	, 0	, 0	, 0	, 0	, 0	, 0	, 0	, 0	, 0	, 0	, 0	, 0	, 0	, 0	, 0	, 0	, 0	, 0	, 0	, 0	, 0	, 0	, 0	, 0	, 0	, 0	, 0	, 0	, 0	, 0	, 0	, 0	, 0	, 0	, 0	, 0	, 0	, 0	, 0	, 0	, 0	, 0	, 0	, 0	, 0	, 0	, 0	, 0	, 0	, 0	, 0	, 0	}:
{0,	98	, 0	, 0	, 0	, 0	, 0	, 0	, 0	, 0	, 0	, 0	, 0	, 0	, 0	, 0	, 0	, 0	, 0	, 0	, 0	, 0	, 0	, 0	, 0	, 0	, 0	, 0	, 0	, 0	, 0	, 0	, 0	, 0	, 0	, 0	, 0	, 0	, 0	, 0	, 0	, 0	, 0	, 0	, 0	, 0	, 0	, 0	, 0	, 0	, 0	, 0	, 0	, 0	, 0	, 0	, 0	, 0	, 0	, 0	, 0	, 0	, 0	, 0	, 0	, 0	, 0	, 0	, 0	, 0	, 0	, 0	, 0	, 0	, 0	, 0	, 0	, 0	, 0	, 0	, 0	, 0	, 0	, 0	, 0	, 0	, 0	, 0	, 0	, 0	, 0	, 0	, 0	, 0	, 0	, 0	, 0	, 0	, 0	, 0	, 0	}:
{0,	98	, 0	, 0	, 0	, 0	, 0	, 0	, 0	, 0	, 0	, 0	, 0	, 0	, 0	, 0	, 0	, 0	, 0	, 0	, 0	, 0	, 0	, 0	, 0	, 0	, 0	, 0	, 0	, 0	, 0	, 0	, 0	, 0	, 0	, 0	, 0	, 0	, 0	, 0	, 0	, 0	, 0	, 0	, 0	, 0	, 0	, 0	, 0	, 0	, 0	, 0	, 0	, 0	, 0	, 0	, 0	, 0	, 0	, 0	, 0	, 0	, 0	, 0	, 0	, 0	, 0	, 0	, 0	, 0	, 0	, 0	, 0	, 0	, 0	, 0	, 0	, 0	, 0	, 0	, 0	, 0	, 0	, 0	, 0	, 0	, 0	, 0	, 0	, 0	, 0	, 0	, 0	, 0	, 0	, 0	, 0	, 0	, 0	, 0	, 0	}:
{0,	98	, 0	, 0	, 0	, 0	, 0	, 0	, 0	, 0	, 0	, 0	, 0	, 0	, 0	, 0	, 0	, 0	, 0	, 0	, 0	, 0	, 0	, 0	, 0	, 0	, 0	, 0	, 0	, 0	, 0	, 0	, 0	, 0	, 0	, 0	, 0	, 0	, 0	, 0	, 0	, 0	, 0	, 0	, 0	, 0	, 0	, 0	, 0	, 0	, 0	, 0	, 0	, 0	, 0	, 0	, 0	, 0	, 0	, 0	, 0	, 0	, 0	, 0	, 0	, 0	, 0	, 0	, 0	, 0	, 0	, 0	, 0	, 0	, 0	, 0	, 0	, 0	, 0	, 0	, 0	, 0	, 0	, 0	, 0	, 0	, 0	, 0	, 0	, 0	, 0	, 0	, 0	, 0	, 0	, 0	, 0	, 0	, 0	, 0	, 0	}:
{0,	98	, 0	, 0	, 0	, 0	, 0	, 0	, 0	, 0	, 0	, 0	, 0	, 0	, 0	, 0	, 0	, 0	, 0	, 0	, 0	, 0	, 0	, 0	, 0	, 0	, 0	, 0	, 0	, 0	, 0	, 0	, 0	, 0	, 0	, 0	, 0	, 0	, 0	, 0	, 0	, 0	, 0	, 0	, 0	, 0	, 0	, 0	, 0	, 0	, 0	, 0	, 0	, 0	, 0	, 0	, 0	, 0	, 0	, 0	, 0	, 0	, 0	, 0	, 0	, 0	, 0	, 0	, 0	, 0	, 0	, 0	, 0	, 0	, 0	, 0	, 0	, 0	, 0	, 0	, 0	, 0	, 0	, 0	, 0	, 0	, 0	, 0	, 0	, 0	, 0	, 0	, 0	, 0	, 0	, 0	, 0	, 0	, 0	, 0	, 0	}:
{0,	98	, 0	, 0	, 0	, 0	, 0	, 0	, 0	, 0	, 0	, 0	, 0	, 0	, 0	, 0	, 0	, 0	, 0	, 0	, 0	, 0	, 0	, 0	, 0	, 0	, 0	, 0	, 0	, 0	, 0	, 0	, 0	, 0	, 0	, 0	, 0	, 0	, 0	, 0	, 0	, 0	, 0	, 0	, 0	, 0	, 0	, 0	, 0	, 0	, 0	, 0	, 0	, 0	, 0	, 0	, 0	, 0	, 0	, 0	, 0	, 0	, 0	, 0	, 0	, 0	, 0	, 0	, 0	, 0	, 0	, 0	, 0	, 0	, 0	, 0	, 0	, 0	, 0	, 0	, 0	, 0	, 0	, 0	, 0	, 0	, 0	, 0	, 0	, 0	, 0	, 0	, 0	, 0	, 0	, 0	, 0	, 0	, 0	, 0	, 0	}:
{0,	98	, 0	, 0	, 0	, 0	, 0	, 0	, 0	, 0	, 0	, 0	, 0	, 0	, 0	, 0	, 0	, 0	, 0	, 0	, 0	, 0	, 0	, 0	, 0	, 0	, 0	, 0	, 0	, 0	, 0	, 0	, 0	, 0	, 0	, 0	, 0	, 0	, 0	, 0	, 0	, 0	, 0	, 0	, 0	, 0	, 0	, 0	, 0	, 0	, 0	, 0	, 0	, 0	, 0	, 0	, 0	, 0	, 0	, 0	, 0	, 0	, 0	, 0	, 0	, 0	, 0	, 0	, 0	, 0	, 0	, 0	, 0	, 0	, 0	, 0	, 0	, 0	, 0	, 0	, 0	, 0	, 0	, 0	, 0	, 0	, 0	, 0	, 0	, 0	, 0	, 0	, 0	, 0	, 0	, 0	, 0	, 0	, 0	, 0	, 0	}:
{0,	98	, 0	, 0	, 0	, 0	, 0	, 0	, 0	, 0	, 0	, 0	, 0	, 0	, 0	, 0	, 0	, 0	, 0	, 0	, 0	, 0	, 0	, 0	, 0	, 0	, 0	, 0	, 0	, 0	, 0	, 0	, 0	, 0	, 0	, 0	, 0	, 0	, 0	, 0	, 0	, 0	, 0	, 0	, 0	, 0	, 0	, 0	, 0	, 0	, 0	, 0	, 0	, 0	, 0	, 0	, 0	, 0	, 0	, 0	, 0	, 0	, 0	, 0	, 0	, 0	, 0	, 0	, 0	, 0	, 0	, 0	, 0	, 0	, 0	, 0	, 0	, 0	, 0	, 0	, 0	, 0	, 0	, 0	, 0	, 0	, 0	, 0	, 0	, 0	, 0	, 0	, 0	, 0	, 0	, 0	, 0	, 0	, 0	, 0	, 0	}:
{0,	98	, 0	, 0	, 0	, 0	, 0	, 0	, 0	, 0	, 0	, 0	, 0	, 0	, 0	, 0	, 0	, 0	, 0	, 0	, 0	, 0	, 0	, 0	, 0	, 0	, 0	, 0	, 0	, 0	, 0	, 0	, 0	, 0	, 0	, 0	, 0	, 0	, 0	, 0	, 0	, 0	, 0	, 0	, 0	, 0	, 0	, 0	, 0	, 0	, 0	, 0	, 0	, 0	, 0	, 0	, 0	, 0	, 0	, 0	, 0	, 0	, 0	, 0	, 0	, 0	, 0	, 0	, 0	, 0	, 0	, 0	, 0	, 0	, 0	, 0	, 0	, 0	, 0	, 0	, 0	, 0	, 0	, 0	, 0	, 0	, 0	, 0	, 0	, 0	, 0	, 0	, 0	, 0	, 0	, 0	, 0	, 0	, 0	, 0	, 0	}:
{0,	98	, 0	, 0	, 0	, 0	, 0	, 0	, 0	, 0	, 0	, 0	, 0	, 0	, 0	, 0	, 0	, 0	, 0	, 0	, 0	, 0	, 0	, 0	, 0	, 0	, 0	, 0	, 0	, 0	, 0	, 0	, 0	, 0	, 0	, 0	, 0	, 0	, 0	, 0	, 0	, 0	, 0	, 0	, 0	, 0	, 0	, 0	, 0	, 0	, 0	, 0	, 0	, 0	, 0	, 0	, 0	, 0	, 0	, 0	, 0	, 0	, 0	, 0	, 0	, 0	, 0	, 0	, 0	, 0	, 0	, 0	, 0	, 0	, 0	, 0	, 0	, 0	, 0	, 0	, 0	, 0	, 0	, 0	, 0	, 0	, 0	, 0	, 0	, 0	, 0	, 0	, 0	, 0	, 0	, 0	, 0	, 0	, 0	, 0	, 0	}:
{0,	98	, 0	, 0	, 0	, 0	, 0	, 0	, 0	, 0	, 0	, 0	, 0	, 0	, 0	, 0	, 0	, 0	, 0	, 0	, 0	, 0	, 0	, 0	, 0	, 0	, 0	, 0	, 0	, 0	, 0	, 0	, 0	, 0	, 0	, 0	, 0	, 0	, 0	, 0	, 0	, 0	, 0	, 0	, 0	, 0	, 0	, 0	, 0	, 0	, 0	, 0	, 0	, 0	, 0	, 0	, 0	, 0	, 0	, 0	, 0	, 0	, 0	, 0	, 0	, 0	, 0	, 0	, 0	, 0	, 0	, 0	, 0	, 0	, 0	, 0	, 0	, 0	, 0	, 0	, 0	, 0	, 0	, 0	, 0	, 0	, 0	, 0	, 0	, 0	, 0	, 0	, 0	, 0	, 0	, 0	, 0	, 0	, 0	, 0	, 0	}:
{0,	98	, 0	, 0	, 0	, 0	, 0	, 0	, 0	, 0	, 0	, 0	, 0	, 0	, 0	, 0	, 0	, 0	, 0	, 0	, 0	, 0	, 0	, 0	, 0	, 0	, 0	, 0	, 0	, 0	, 0	, 0	, 0	, 0	, 0	, 0	, 0	, 0	, 0	, 0	, 0	, 0	, 0	, 0	, 0	, 0	, 0	, 0	, 0	, 0	, 0	, 0	, 0	, 0	, 0	, 0	, 0	, 0	, 0	, 0	, 0	, 0	, 0	, 0	, 0	, 0	, 0	, 0	, 0	, 0	, 0	, 0	, 0	, 0	, 0	, 0	, 0	, 0	, 0	, 0	, 0	, 0	, 0	, 0	, 0	, 0	, 0	, 0	, 0	, 0	, 0	, 0	, 0	, 0	, 0	, 0	, 0	, 0	, 0	, 0	, 0	}:
{0,	98	, 0	, 0	, 0	, 0	, 0	, 0	, 0	, 0	, 0	, 0	, 0	, 0	, 0	, 0	, 0	, 0	, 0	, 0	, 0	, 0	, 0	, 0	, 0	, 0	, 0	, 0	, 0	, 0	, 0	, 0	, 0	, 0	, 0	, 0	, 0	, 0	, 0	, 0	, 0	, 0	, 0	, 0	, 0	, 0	, 0	, 0	, 0	, 0	, 0	, 0	, 0	, 0	, 0	, 0	, 0	, 0	, 0	, 0	, 0	, 0	, 0	, 0	, 0	, 0	, 0	, 0	, 0	, 0	, 0	, 0	, 0	, 0	, 0	, 0	, 0	, 0	, 0	, 0	, 0	, 0	, 0	, 0	, 0	, 0	, 0	, 0	, 0	, 0	, 0	, 0	, 0	, 0	, 0	, 0	, 0	, 0	, 0	, 0	, 0	}:
{0,	98	, 0	, 0	, 0	, 0	, 0	, 0	, 0	, 0	, 0	, 0	, 0	, 0	, 0	, 0	, 0	, 0	, 0	, 0	, 0	, 0	, 0	, 0	, 0	, 0	, 0	, 0	, 0	, 0	, 0	, 0	, 0	, 0	, 0	, 0	, 0	, 0	, 0	, 0	, 0	, 0	, 0	, 0	, 0	, 0	, 0	, 0	, 0	, 0	, 0	, 0	, 0	, 0	, 0	, 0	, 0	, 0	, 0	, 0	, 0	, 0	, 0	, 0	, 0	, 0	, 0	, 0	, 0	, 0	, 0	, 0	, 0	, 0	, 0	, 0	, 0	, 0	, 0	, 0	, 0	, 0	, 0	, 0	, 0	, 0	, 0	, 0	, 0	, 0	, 0	, 0	, 0	, 0	, 0	, 0	, 0	, 0	, 0	, 0	, 0	}:
{0,	98	, 0	, 0	, 0	, 0	, 0	, 0	, 0	, 0	, 0	, 0	, 0	, 0	, 0	, 0	, 0	, 0	, 0	, 0	, 0	, 0	, 0	, 0	, 0	, 0	, 0	, 0	, 0	, 0	, 0	, 0	, 0	, 0	, 0	, 0	, 0	, 0	, 0	, 0	, 0	, 0	, 0	, 0	, 0	, 0	, 0	, 0	, 0	, 0	, 0	, 0	, 0	, 0	, 0	, 0	, 0	, 0	, 0	, 0	, 0	, 0	, 0	, 0	, 0	, 0	, 0	, 0	, 0	, 0	, 0	, 0	, 0	, 0	, 0	, 0	, 0	, 0	, 0	, 0	, 0	, 0	, 0	, 0	, 0	, 0	, 0	, 0	, 0	, 0	, 0	, 0	, 0	, 0	, 0	, 0	, 0	, 0	, 0	, 0	, 0	}:
{0,	98	, 0	, 0	, 0	, 0	, 0	, 0	, 0	, 0	, 0	, 0	, 0	, 0	, 0	, 0	, 0	, 0	, 0	, 0	, 0	, 0	, 0	, 0	, 0	, 0	, 0	, 0	, 0	, 0	, 0	, 0	, 0	, 0	, 0	, 0	, 0	, 0	, 0	, 0	, 0	, 0	, 0	, 0	, 0	, 0	, 0	, 0	, 0	, 0	, 0	, 0	, 0	, 0	, 0	, 0	, 0	, 0	, 0	, 0	, 0	, 0	, 0	, 0	, 0	, 0	, 0	, 0	, 0	, 0	, 0	, 0	, 0	, 0	, 0	, 0	, 0	, 0	, 0	, 0	, 0	, 0	, 0	, 0	, 0	, 0	, 0	, 0	, 0	, 0	, 0	, 0	, 0	, 0	, 0	, 0	, 0	, 0	, 0	, 0	, 0	}:
{0,	98	, 0	, 0	, 0	, 0	, 0	, 0	, 0	, 0	, 0	, 0	, 0	, 0	, 0	, 0	, 0	, 0	, 0	, 0	, 0	, 0	, 0	, 0	, 0	, 0	, 0	, 0	, 0	, 0	, 0	, 0	, 0	, 0	, 0	, 0	, 0	, 0	, 0	, 0	, 0	, 0	, 0	, 0	, 0	, 0	, 0	, 0	, 0	, 0	, 0	, 0	, 0	, 0	, 0	, 0	, 0	, 0	, 0	, 0	, 0	, 0	, 0	, 0	, 0	, 0	, 0	, 0	, 0	, 0	, 0	, 0	, 0	, 0	, 0	, 0	, 0	, 0	, 0	, 0	, 0	, 0	, 0	, 0	, 0	, 0	, 0	, 0	, 0	, 0	, 0	, 0	, 0	, 0	, 0	, 0	, 0	, 0	, 0	, 0	, 0	}:
{0,	98	, 0	, 0	, 0	, 0	, 0	, 0	, 0	, 0	, 0	, 0	, 0	, 0	, 0	, 0	, 0	, 0	, 0	, 0	, 0	, 0	, 0	, 0	, 0	, 0	, 0	, 0	, 0	, 0	, 0	, 0	, 0	, 0	, 0	, 0	, 0	, 0	, 0	, 0	, 0	, 0	, 0	, 0	, 0	, 0	, 0	, 0	, 0	, 0	, 0	, 0	, 0	, 0	, 0	, 0	, 0	, 0	, 0	, 0	, 0	, 0	, 0	, 0	, 0	, 0	, 0	, 0	, 0	, 0	, 0	, 0	, 0	, 0	, 0	, 0	, 0	, 0	, 0	, 0	, 0	, 0	, 0	, 0	, 0	, 0	, 0	, 0	, 0	, 0	, 0	, 0	, 0	, 0	, 0	, 0	, 0	, 0	, 0	, 0	, 0	}:
{0,	98	, 0	, 0	, 0	, 0	, 0	, 0	, 0	, 0	, 0	, 0	, 0	, 0	, 0	, 0	, 0	, 0	, 0	, 0	, 0	, 0	, 0	, 0	, 0	, 0	, 0	, 0	, 0	, 0	, 0	, 0	, 0	, 0	, 0	, 0	, 0	, 0	, 0	, 0	, 0	, 0	, 0	, 0	, 0	, 0	, 0	, 0	, 0	, 0	, 0	, 0	, 0	, 0	, 0	, 0	, 0	, 0	, 0	, 0	, 0	, 0	, 0	, 0	, 0	, 0	, 0	, 0	, 0	, 0	, 0	, 0	, 0	, 0	, 0	, 0	, 0	, 0	, 0	, 0	, 0	, 0	, 0	, 0	, 0	, 0	, 0	, 0	, 0	, 0	, 0	, 0	, 0	, 0	, 0	, 0	, 0	, 0	, 0	, 0	, 0	}:
{0,	98	, 0	, 0	, 0	, 0	, 0	, 0	, 0	, 0	, 0	, 0	, 0	, 0	, 0	, 0	, 0	, 0	, 0	, 0	, 0	, 0	, 0	, 0	, 0	, 0	, 0	, 0	, 0	, 0	, 0	, 0	, 0	, 0	, 0	, 0	, 0	, 0	, 0	, 0	, 0	, 0	, 0	, 0	, 0	, 0	, 0	, 0	, 0	, 0	, 0	, 0	, 0	, 0	, 0	, 0	, 0	, 0	, 0	, 0	, 0	, 0	, 0	, 0	, 0	, 0	, 0	, 0	, 0	, 0	, 0	, 0	, 0	, 0	, 0	, 0	, 0	, 0	, 0	, 0	, 0	, 0	, 0	, 0	, 0	, 0	, 0	, 0	, 0	, 0	, 0	, 0	, 0	, 0	, 0	, 0	, 0	, 0	, 0	, 0	, 0	}:
{0,	98	, 0	, 0	, 0	, 0	, 0	, 0	, 0	, 0	, 0	, 0	, 0	, 0	, 0	, 0	, 0	, 0	, 0	, 0	, 0	, 0	, 0	, 0	, 0	, 0	, 0	, 0	, 0	, 0	, 0	, 0	, 0	, 0	, 0	, 0	, 0	, 0	, 0	, 0	, 0	, 0	, 0	, 0	, 0	, 0	, 0	, 0	, 0	, 0	, 0	, 0	, 0	, 0	, 0	, 0	, 0	, 0	, 0	, 0	, 0	, 0	, 0	, 0	, 0	, 0	, 0	, 0	, 0	, 0	, 0	, 0	, 0	, 0	, 0	, 0	, 0	, 0	, 0	, 0	, 0	, 0	, 0	, 0	, 0	, 0	, 0	, 0	, 0	, 0	, 0	, 0	, 0	, 0	, 0	, 0	, 0	, 0	, 0	, 0	, 0	}:
{0,	98	, 0	, 0	, 0	, 0	, 0	, 0	, 0	, 0	, 0	, 0	, 0	, 0	, 0	, 0	, 0	, 0	, 0	, 0	, 0	, 0	, 0	, 0	, 0	, 0	, 0	, 0	, 0	, 0	, 0	, 0	, 0	, 0	, 0	, 0	, 0	, 0	, 0	, 0	, 0	, 0	, 0	, 0	, 0	, 0	, 0	, 0	, 0	, 0	, 0	, 0	, 0	, 0	, 0	, 0	, 0	, 0	, 0	, 0	, 0	, 0	, 0	, 0	, 0	, 0	, 0	, 0	, 0	, 0	, 0	, 0	, 0	, 0	, 0	, 0	, 0	, 0	, 0	, 0	, 0	, 0	, 0	, 0	, 0	, 0	, 0	, 0	, 0	, 0	, 0	, 0	, 0	, 0	, 0	, 0	, 0	, 0	, 0	, 0	, 0	}:
{0,	98	, 0	, 0	, 0	, 0	, 0	, 0	, 0	, 0	, 0	, 0	, 0	, 0	, 0	, 0	, 0	, 0	, 0	, 0	, 0	, 0	, 0	, 0	, 0	, 0	, 0	, 0	, 0	, 0	, 0	, 0	, 0	, 0	, 0	, 0	, 0	, 0	, 0	, 0	, 0	, 0	, 0	, 0	, 0	, 0	, 0	, 0	, 0	, 0	, 0	, 0	, 0	, 0	, 0	, 0	, 0	, 0	, 0	, 0	, 0	, 0	, 0	, 0	, 0	, 0	, 0	, 0	, 0	, 0	, 0	, 0	, 0	, 0	, 0	, 0	, 0	, 0	, 0	, 0	, 0	, 0	, 0	, 0	, 0	, 0	, 0	, 0	, 0	, 0	, 0	, 0	, 0	, 0	, 0	, 0	, 0	, 0	, 0	, 0	, 0	}:
{0,	98	, 0	, 0	, 0	, 0	, 0	, 0	, 0	, 0	, 0	, 0	, 0	, 0	, 0	, 0	, 0	, 0	, 0	, 0	, 0	, 0	, 0	, 0	, 0	, 0	, 0	, 0	, 0	, 0	, 0	, 0	, 0	, 0	, 0	, 0	, 0	, 0	, 0	, 0	, 0	, 0	, 0	, 0	, 0	, 0	, 0	, 0	, 0	, 0	, 0	, 0	, 0	, 0	, 0	, 0	, 0	, 0	, 0	, 0	, 0	, 0	, 0	, 0	, 0	, 0	, 0	, 0	, 0	, 0	, 0	, 0	, 0	, 0	, 0	, 0	, 0	, 0	, 0	, 0	, 0	, 0	, 0	, 0	, 0	, 0	, 0	, 0	, 0	, 0	, 0	, 0	, 0	, 0	, 0	, 0	, 0	, 0	, 0	, 0	, 0	};
>