energy(#app_nue_sig)<
@energy=
{0,	98	, 0	, 0	, 0	, 0	, 0	, 0	, 0	, 0	, 0	, 0	, 0	, 0	, 0	, 0	, 0	, 0	, 0	, 0	, 0	, 0	, 0	, 0	, 0	, 0	, 0	, 0	, 0	, 0	, 0	, 0	, 0	, 0	, 0	, 0	, 0	, 0	, 0	, 0	, 0	, 0	, 0	, 0	, 0	, 0	, 0	, 0	, 0	, 0	, 0	, 0	, 0	, 0	, 0	, 0	, 0	, 0	, 0	, 0	, 0	, 0	, 0	, 0	, 0	, 0	, 0	, 0	, 0	, 0	, 0	, 0	, 0	, 0	, 0	, 0	, 0	, 0	, 0	, 0	, 0	, 0	, 0	, 0	, 0	, 0	, 0	, 0	, 0	, 0	, 0	, 0	, 0	, 0	, 0	, 0	, 0	, 0	, 0	, 0	, 0	}:
{0,	98	, 0	, 0	, 0	, 0	, 0	, 0	, 0	, 0	, 0	, 0	, 0	, 0	, 0	, 0	, 0	, 0	, 0	, 0	, 0	, 0	, 0	, 0	, 0	, 0	, 0	, 0	, 0	, 0	, 0	, 0	, 0	, 0	, 0	, 0	, 0	, 0	, 0	, 0	, 0	, 0	, 0	, 0	, 0	, 0	, 0	, 0	, 0	, 0	, 0	, 0	, 0	, 0	, 0	, 0	, 0	, 0	, 0	, 0	, 0	, 0	, 0	, 0	, 0	, 0	, 0	, 0	, 0	, 0	, 0	, 0	, 0	, 0	, 0	, 0	, 0	, 0	, 0	, 0	, 0	, 0	, 0	, 0	, 0	, 0	, 0	, 0	, 0	, 0	, 0	, 0	, 0	, 0	, 0	, 0	, 0	, 0	, 0	, 0	, 0	}:
{0,	98	, 0	, 0	, 0	, 0	, 0.000507099	, 0.000124301	, 0	, 0	, 0	, 0	, 0	, 0	, 0	, 0	, 0	, 0	, 0	, 0	, 0	, 0	, 0	, 0	, 0	, 0	, 0	, 0	, 0	, 0	, 0	, 0	, 0	, 0	, 0	, 0	, 0	, 0	, 0	, 0	, 0	, 0	, 0	, 0	, 0	, 0	, 0	, 0	, 0	, 0	, 0	, 0	, 0	, 0	, 0	, 0	, 0	, 0	, 0	, 0	, 0	, 0	, 0	, 0	, 0	, 0	, 0	, 0	, 0	, 0	, 0	, 0	, 0	, 0	, 0	, 0	, 0	, 0	, 0	, 0	, 0	, 0	, 0	, 0	, 0	, 0	, 0	, 0	, 0	, 0	, 0	, 0	, 0	, 0	, 0	, 0	, 0	, 0	, 0	, 0	, 0	}:
{0,	98	, 0	, 0	, 0	, 0	, 0.0689655	, 0.0389062	, 0.00556174	, 0.00043611	, 7.76096e-05	, 0	, 0	, 0	, 0	, 0	, 0	, 0	, 0	, 0	, 0	, 0	, 0	, 0	, 0	, 0	, 0	, 0	, 0	, 0	, 0	, 0	, 0	, 0	, 0	, 0	, 0	, 0	, 0	, 0	, 0	, 0	, 0	, 0	, 0	, 0	, 0	, 0	, 0	, 0	, 0	, 0	, 0	, 0	, 0	, 0	, 0	, 0	, 0	, 0	, 0	, 0	, 0	, 0	, 0	, 0	, 0	, 0	, 0	, 0	, 0	, 0	, 0	, 0	, 0	, 0	, 0	, 0	, 0	, 0	, 0	, 0	, 0	, 0	, 0	, 0	, 0	, 0	, 0	, 0	, 0	, 0	, 0	, 0	, 0	, 0	, 0	, 0	, 0	, 0	, 0	}:
{0,	98	, 0	, 0	, 0	, 0	, 0.522312	, 0.210068	, 0.072707	, 0.0146533	, 0.00232829	, 0.000936262	, 0	, 0	, 0	, 0	, 0	, 0	, 0	, 0	, 0	, 0	, 0	, 0	, 0	, 0	, 0	, 0	, 0	, 0	, 0	, 0	, 0	, 0	, 0	, 0	, 0	, 0	, 0	, 0	, 0	, 0	, 0	, 0	, 0	, 0	, 0	, 0	, 0	, 0	, 0	, 0	, 0	, 0	, 0	, 0	, 0	, 0	, 0	, 0	, 0	, 0	, 0	, 0	, 0	, 0	, 0	, 0	, 0	, 0	, 0	, 0	, 0	, 0	, 0	, 0	, 0	, 0	, 0	, 0	, 0	, 0	, 0	, 0	, 0	, 0	, 0	, 0	, 0	, 0	, 0	, 0	, 0	, 0	, 0	, 0	, 0	, 0	, 0	, 0	, 0	}:
{0,	98	, 0	, 0	, 0	, 0	, 0.407708	, 0.55202	, 0.231267	, 0.104666	, 0.0293364	, 0.00770616	, 0.00233038	, 0.000497946	, 7.48895e-05	, 0	, 0	, 0	, 0	, 0	, 0	, 0	, 0	, 0	, 0	, 0	, 0	, 0	, 0	, 0	, 0	, 0	, 0	, 0	, 0	, 0	, 0	, 0	, 0	, 0	, 0	, 0	, 0	, 0	, 0	, 0	, 0	, 0	, 0	, 0	, 0	, 0	, 0	, 0	, 0	, 0	, 0	, 0	, 0	, 0	, 0	, 0	, 0	, 0	, 0	, 0	, 0	, 0	, 0	, 0	, 0	, 0	, 0	, 0	, 0	, 0	, 0	, 0	, 0	, 0	, 0	, 0	, 0	, 0	, 0	, 0	, 0	, 0	, 0	, 0	, 0	, 0	, 0	, 0	, 0	, 0	, 0	, 0	, 0	, 0	, 0	}:
{0,	98	, 0	, 0	, 0	, 0	, 0	, 0.197887	, 0.465871	, 0.234714	, 0.120217	, 0.0462369	, 0.0183101	, 0.00628657	, 0.00149779	, 0.00151976	, 0	, 0	, 0	, 0	, 0	, 0	, 0	, 0	, 0	, 0	, 0	, 0	, 0	, 0	, 0	, 0	, 0	, 0	, 0	, 0	, 0	, 0	, 0	, 0	, 0	, 0	, 0	, 0	, 0	, 0	, 0	, 0	, 0	, 0	, 0	, 0	, 0	, 0	, 0	, 0	, 0	, 0	, 0	, 0	, 0	, 0	, 0	, 0	, 0	, 0	, 0	, 0	, 0	, 0	, 0	, 0	, 0	, 0	, 0	, 0	, 0	, 0	, 0	, 0	, 0	, 0	, 0	, 0	, 0	, 0	, 0	, 0	, 0	, 0	, 0	, 0	, 0	, 0	, 0	, 0	, 0	, 0	, 0	, 0	, 0	}:
{0,	98	, 0	, 0	, 0	, 0	, 0	, 0.000372902	, 0.222874	, 0.39215	, 0.236477	, 0.123227	, 0.0655836	, 0.0286941	, 0.0131806	, 0.00303951	, 0	, 0	, 0	, 0	, 0	, 0	, 0	, 0	, 0	, 0	, 0	, 0	, 0	, 0	, 0	, 0	, 0	, 0	, 0	, 0	, 0	, 0	, 0	, 0	, 0	, 0	, 0	, 0	, 0	, 0	, 0	, 0	, 0	, 0	, 0	, 0	, 0	, 0	, 0	, 0	, 0	, 0	, 0	, 0	, 0	, 0	, 0	, 0	, 0	, 0	, 0	, 0	, 0	, 0	, 0	, 0	, 0	, 0	, 0	, 0	, 0	, 0	, 0	, 0	, 0	, 0	, 0	, 0	, 0	, 0	, 0	, 0	, 0	, 0	, 0	, 0	, 0	, 0	, 0	, 0	, 0	, 0	, 0	, 0	, 0	}:
{0,	98	, 0	, 0	, 0	, 0	, 0.000507099	, 0.000248602	, 0.000606735	, 0.251897	, 0.319674	, 0.22103	, 0.127039	, 0.0709573	, 0.0414888	, 0.0303951	, 0.00449438	, 0.00402414	, 0	, 0.00180832	, 0	, 0	, 0	, 0	, 0	, 0	, 0	, 0	, 0	, 0	, 0	, 0	, 0	, 0	, 0	, 0	, 0	, 0	, 0	, 0	, 0	, 0	, 0	, 0	, 0	, 0	, 0	, 0	, 0	, 0	, 0	, 0	, 0	, 0	, 0	, 0	, 0	, 0	, 0	, 0	, 0	, 0	, 0	, 0	, 0	, 0	, 0	, 0	, 0	, 0	, 0	, 0	, 0	, 0	, 0	, 0	, 0	, 0	, 0	, 0	, 0	, 0	, 0	, 0	, 0	, 0	, 0	, 0	, 0	, 0	, 0	, 0	, 0	, 0	, 0	, 0	, 0	, 0	, 0	, 0	, 0	}:
{0,	98	, 0	, 0	, 0	, 0	, 0	, 0.000124301	, 0.000505612	, 0.00104666	, 0.28669	, 0.287288	, 0.201944	, 0.127225	, 0.0836516	, 0.056231	, 0.0292135	, 0	, 0.00178253	, 0.00180832	, 0	, 0	, 0	, 0	, 0	, 0	, 0	, 0	, 0	, 0	, 0	, 0	, 0	, 0	, 0	, 0	, 0	, 0	, 0	, 0	, 0	, 0	, 0	, 0	, 0	, 0	, 0	, 0	, 0	, 0	, 0	, 0	, 0	, 0	, 0	, 0	, 0	, 0	, 0	, 0	, 0	, 0	, 0	, 0	, 0	, 0	, 0	, 0	, 0	, 0	, 0	, 0	, 0	, 0	, 0	, 0	, 0	, 0	, 0	, 0	, 0	, 0	, 0	, 0	, 0	, 0	, 0	, 0	, 0	, 0	, 0	, 0	, 0	, 0	, 0	, 0	, 0	, 0	, 0	, 0	, 0	}:
{0,	98	, 0	, 0	, 0	, 0	, 0	, 0.000248602	, 0.00040449	, 0.000348888	, 0.00496702	, 0.294779	, 0.252813	, 0.198618	, 0.139519	, 0.100304	, 0.0494382	, 0.0201207	, 0.0106952	, 0.00904159	, 0.00340136	, 0.0017094	, 0	, 0	, 0	, 0	, 0	, 0	, 0	, 0	, 0	, 0	, 0	, 0	, 0	, 0	, 0	, 0	, 0	, 0	, 0	, 0	, 0	, 0	, 0	, 0	, 0	, 0	, 0	, 0	, 0	, 0	, 0	, 0	, 0	, 0	, 0	, 0	, 0	, 0	, 0	, 0	, 0	, 0	, 0	, 0	, 0	, 0	, 0	, 0	, 0	, 0	, 0	, 0	, 0	, 0	, 0	, 0	, 0	, 0	, 0	, 0	, 0	, 0	, 0	, 0	, 0	, 0	, 0	, 0	, 0	, 0	, 0	, 0	, 0	, 0	, 0	, 0	, 0	, 0	, 0	}:
{0,	98	, 0	, 0	, 0	, 0	, 0	, 0	, 0.000202245	, 0	, 0	, 0.0185092	, 0.295093	, 0.226565	, 0.19681	, 0.121581	, 0.0898876	, 0.0482897	, 0.0285205	, 0.0144665	, 0.00680272	, 0.0034188	, 0.00161551	, 0	, 0	, 0	, 0	, 0	, 0	, 0	, 0	, 0	, 0	, 0	, 0	, 0	, 0	, 0	, 0	, 0	, 0	, 0	, 0	, 0	, 0	, 0	, 0	, 0	, 0	, 0	, 0	, 0	, 0	, 0	, 0	, 0	, 0	, 0	, 0	, 0	, 0	, 0	, 0	, 0	, 0	, 0	, 0	, 0	, 0	, 0	, 0	, 0	, 0	, 0	, 0	, 0	, 0	, 0	, 0	, 0	, 0	, 0	, 0	, 0	, 0	, 0	, 0	, 0	, 0	, 0	, 0	, 0	, 0	, 0	, 0	, 0	, 0	, 0	, 0	, 0	, 0	}:
{0,	98	, 0	, 0	, 0	, 0	, 0	, 0	, 0	, 8.7222e-05	, 7.76096e-05	, 7.20202e-05	, 0.03682	, 0.285634	, 0.222347	, 0.171733	, 0.134831	, 0.084507	, 0.0499109	, 0.0325497	, 0.0238095	, 0.0153846	, 0.00323102	, 0.00662252	, 0	, 0	, 0	, 0	, 0	, 0	, 0	, 0	, 0	, 0	, 0	, 0	, 0	, 0	, 0	, 0	, 0	, 0	, 0	, 0	, 0	, 0	, 0	, 0	, 0	, 0	, 0	, 0	, 0	, 0	, 0	, 0	, 0	, 0	, 0	, 0	, 0	, 0	, 0	, 0	, 0	, 0	, 0	, 0	, 0	, 0	, 0	, 0	, 0	, 0	, 0	, 0	, 0	, 0	, 0	, 0	, 0	, 0	, 0	, 0	, 0	, 0	, 0	, 0	, 0	, 0	, 0	, 0	, 0	, 0	, 0	, 0	, 0	, 0	, 0	, 0	, 0	}:
{0,	98	, 0	, 0	, 0	, 0	, 0	, 0	, 0	, 0	, 0.000155219	, 0.00014404	, 0	, 0.0554587	, 0.264959	, 0.199088	, 0.137079	, 0.114688	, 0.0891266	, 0.0470163	, 0.0510204	, 0.0273504	, 0.0161551	, 0.00662252	, 0.00162866	, 0.00453172	, 0.00312989	, 0.00148368	, 0	, 0	, 0	, 0	, 0	, 0	, 0	, 0	, 0	, 0	, 0	, 0	, 0	, 0	, 0	, 0	, 0	, 0	, 0	, 0	, 0	, 0	, 0	, 0	, 0	, 0	, 0	, 0	, 0	, 0	, 0	, 0	, 0	, 0	, 0	, 0	, 0	, 0	, 0	, 0	, 0	, 0	, 0	, 0	, 0	, 0	, 0	, 0	, 0	, 0	, 0	, 0	, 0	, 0	, 0	, 0	, 0	, 0	, 0	, 0	, 0	, 0	, 0	, 0	, 0	, 0	, 0	, 0	, 0	, 0	, 0	, 0	, 0	}:
{0,	98	, 0	, 0	, 0	, 0	, 0	, 0	, 0	, 0	, 0	, 7.20202e-05	, 6.65823e-05	, 0	, 0.0360968	, 0.221884	, 0.155056	, 0.156942	, 0.105169	, 0.074141	, 0.0544218	, 0.0376068	, 0.0274637	, 0.013245	, 0.00651466	, 0.00453172	, 0.00156495	, 0.00593472	, 0.00151745	, 0	, 0	, 0	, 0	, 0	, 0	, 0	, 0	, 0	, 0	, 0	, 0	, 0	, 0	, 0	, 0	, 0	, 0	, 0	, 0	, 0	, 0	, 0	, 0	, 0	, 0	, 0	, 0	, 0	, 0	, 0	, 0	, 0	, 0	, 0	, 0	, 0	, 0	, 0	, 0	, 0	, 0	, 0	, 0	, 0	, 0	, 0	, 0	, 0	, 0	, 0	, 0	, 0	, 0	, 0	, 0	, 0	, 0	, 0	, 0	, 0	, 0	, 0	, 0	, 0	, 0	, 0	, 0	, 0	, 0	, 0	, 0	}:
{0,	98	, 0	, 0	, 0	, 0	, 0	, 0	, 0	, 0	, 0	, 0	, 0	, 6.22432e-05	, 0.000149779	, 0.0866261	, 0.233708	, 0.201207	, 0.131907	, 0.0904159	, 0.0680272	, 0.0461538	, 0.0516963	, 0.0380795	, 0.0114007	, 0.0135952	, 0.00625978	, 0.00593472	, 0.00455235	, 0	, 0.00149925	, 0	, 0	, 0	, 0	, 0	, 0	, 0	, 0	, 0	, 0	, 0	, 0	, 0	, 0	, 0	, 0	, 0	, 0	, 0	, 0	, 0	, 0	, 0	, 0	, 0	, 0	, 0	, 0	, 0	, 0	, 0	, 0	, 0	, 0	, 0	, 0	, 0	, 0	, 0	, 0	, 0	, 0	, 0	, 0	, 0	, 0	, 0	, 0	, 0	, 0	, 0	, 0	, 0	, 0	, 0	, 0	, 0	, 0	, 0	, 0	, 0	, 0	, 0	, 0	, 0	, 0	, 0	, 0	, 0	, 0	}:
{0,	98	, 0	, 0	, 0	, 0	, 0	, 0	, 0	, 0	, 0	, 0	, 0	, 0	, 0.000224669	, 0.00303951	, 0.159551	, 0.207243	, 0.181818	, 0.128391	, 0.117347	, 0.0512821	, 0.0500808	, 0.044702	, 0.0309446	, 0.0271903	, 0.00938967	, 0.00445104	, 0.0030349	, 0	, 0	, 0	, 0	, 0	, 0	, 0	, 0	, 0	, 0	, 0	, 0	, 0	, 0	, 0	, 0	, 0	, 0	, 0	, 0	, 0	, 0	, 0	, 0	, 0	, 0	, 0	, 0	, 0	, 0	, 0	, 0	, 0	, 0	, 0	, 0	, 0	, 0	, 0	, 0	, 0	, 0	, 0	, 0	, 0	, 0	, 0	, 0	, 0	, 0	, 0	, 0	, 0	, 0	, 0	, 0	, 0	, 0	, 0	, 0	, 0	, 0	, 0	, 0	, 0	, 0	, 0	, 0	, 0	, 0	, 0	, 0	}:
{0,	98	, 0	, 0	, 0	, 0	, 0	, 0	, 0	, 0	, 0	, 0	, 0	, 0	, 0	, 0	, 0.00449438	, 0.158954	, 0.171123	, 0.180832	, 0.127551	, 0.104274	, 0.0791599	, 0.0596026	, 0.0537459	, 0.0392749	, 0.0187793	, 0.0103858	, 0.00455235	, 0.00903614	, 0.0029985	, 0.00293686	, 0	, 0.00150602	, 0.0015015	, 0	, 0	, 0	, 0	, 0	, 0	, 0	, 0	, 0	, 0	, 0	, 0	, 0	, 0	, 0	, 0	, 0	, 0	, 0	, 0	, 0	, 0	, 0	, 0	, 0	, 0	, 0	, 0	, 0	, 0	, 0	, 0	, 0	, 0	, 0	, 0	, 0	, 0	, 0	, 0	, 0	, 0	, 0	, 0	, 0	, 0	, 0	, 0	, 0	, 0	, 0	, 0	, 0	, 0	, 0	, 0	, 0	, 0	, 0	, 0	, 0	, 0	, 0	, 0	, 0	, 0	}:
{0,	98	, 0	, 0	, 0	, 0	, 0	, 0	, 0	, 0	, 0	, 0	, 0	, 0	, 0	, 0.00303951	, 0.00224719	, 0.00201207	, 0.215686	, 0.166365	, 0.166667	, 0.112821	, 0.095315	, 0.0728477	, 0.0521173	, 0.0543807	, 0.0344288	, 0.0267062	, 0.0136571	, 0.00753012	, 0.005997	, 0.00440529	, 0	, 0	, 0.0015015	, 0	, 0	, 0	, 0.00160514	, 0	, 0	, 0	, 0	, 0	, 0	, 0	, 0	, 0	, 0	, 0	, 0	, 0	, 0	, 0	, 0	, 0	, 0	, 0	, 0	, 0	, 0	, 0	, 0	, 0	, 0	, 0	, 0	, 0	, 0	, 0	, 0	, 0	, 0	, 0	, 0	, 0	, 0	, 0	, 0	, 0	, 0	, 0	, 0	, 0	, 0	, 0	, 0	, 0	, 0	, 0	, 0	, 0	, 0	, 0	, 0	, 0	, 0	, 0	, 0	, 0	, 0	}:
{0,	98	, 0	, 0	, 0	, 0	, 0	, 0	, 0	, 0	, 0	, 0	, 0	, 0	, 0	, 0	, 0	, 0.00201207	, 0.00713012	, 0.216998	, 0.139456	, 0.157265	, 0.121163	, 0.0910596	, 0.0667752	, 0.0377644	, 0.0453834	, 0.037092	, 0.0136571	, 0.0135542	, 0.0164918	, 0.00734214	, 0.00286123	, 0.00451807	, 0.003003	, 0.00156006	, 0.00142045	, 0.00153374	, 0	, 0	, 0	, 0	, 0	, 0	, 0	, 0	, 0	, 0	, 0	, 0	, 0	, 0	, 0	, 0	, 0	, 0	, 0	, 0	, 0	, 0	, 0	, 0	, 0	, 0	, 0	, 0	, 0	, 0	, 0	, 0	, 0	, 0	, 0	, 0	, 0	, 0	, 0	, 0	, 0	, 0	, 0	, 0	, 0	, 0	, 0	, 0	, 0	, 0	, 0	, 0	, 0	, 0	, 0	, 0	, 0	, 0	, 0	, 0	, 0	, 0	, 0	}:
{0,	98	, 0	, 0	, 0	, 0	, 0	, 0	, 0	, 0	, 0	, 0	, 0	, 0	, 0	, 0.00151976	, 0	, 0	, 0.00178253	, 0.0289331	, 0.180272	, 0.17094	, 0.137318	, 0.142384	, 0.112378	, 0.092145	, 0.0422535	, 0.0445104	, 0.0500759	, 0.0271084	, 0.0134933	, 0.0117474	, 0.0128755	, 0.00301205	, 0.003003	, 0.00624025	, 0	, 0	, 0.00160514	, 0	, 0	, 0	, 0	, 0	, 0	, 0	, 0	, 0	, 0	, 0	, 0	, 0	, 0	, 0	, 0	, 0	, 0	, 0	, 0	, 0	, 0	, 0	, 0	, 0	, 0	, 0	, 0	, 0	, 0	, 0	, 0	, 0	, 0	, 0	, 0	, 0	, 0	, 0	, 0	, 0	, 0	, 0	, 0	, 0	, 0	, 0	, 0	, 0	, 0	, 0	, 0	, 0	, 0	, 0	, 0	, 0	, 0	, 0	, 0	, 0	, 0	}:
{0,	98	, 0	, 0	, 0	, 0	, 0	, 0	, 0	, 0	, 0	, 0	, 0	, 0	, 0	, 0	, 0	, 0	, 0.00534759	, 0.00542495	, 0.0527211	, 0.208547	, 0.153473	, 0.119205	, 0.0879479	, 0.060423	, 0.0688576	, 0.0445104	, 0.0440061	, 0.0271084	, 0.0164918	, 0.0176211	, 0.0114449	, 0.0135542	, 0.0045045	, 0.00624025	, 0.00284091	, 0	, 0	, 0.0031348	, 0	, 0	, 0	, 0	, 0	, 0	, 0	, 0	, 0	, 0	, 0	, 0	, 0	, 0	, 0	, 0	, 0	, 0	, 0	, 0	, 0	, 0	, 0	, 0	, 0	, 0	, 0	, 0	, 0	, 0	, 0	, 0	, 0	, 0	, 0	, 0	, 0	, 0	, 0	, 0	, 0	, 0	, 0	, 0	, 0	, 0	, 0	, 0	, 0	, 0	, 0	, 0	, 0	, 0	, 0	, 0	, 0	, 0	, 0	, 0	, 0	}:
{0,	98	, 0	, 0	, 0	, 0	, 0	, 0	, 0	, 0	, 0	, 0	, 0	, 0	, 0	, 0	, 0	, 0	, 0	, 0	, 0.00510204	, 0.0598291	, 0.164782	, 0.134106	, 0.136808	, 0.10423	, 0.086072	, 0.0652819	, 0.047041	, 0.0557229	, 0.0374813	, 0.030837	, 0.0143062	, 0.0105422	, 0.00750751	, 0.0124805	, 0.00284091	, 0.00153374	, 0.00160514	, 0	, 0	, 0.0015748	, 0	, 0	, 0	, 0	, 0	, 0	, 0	, 0	, 0	, 0	, 0	, 0	, 0	, 0	, 0	, 0	, 0	, 0	, 0	, 0	, 0	, 0	, 0	, 0	, 0	, 0	, 0	, 0	, 0	, 0	, 0	, 0	, 0	, 0	, 0	, 0	, 0	, 0	, 0	, 0	, 0	, 0	, 0	, 0	, 0	, 0	, 0	, 0	, 0	, 0	, 0	, 0	, 0	, 0	, 0	, 0	, 0	, 0	, 0	}:
{0,	98	, 0	, 0	, 0	, 0	, 0	, 0	, 0	, 0	, 0	, 0	, 0	, 0	, 0	, 0	, 0	, 0	, 0	, 0.00180832	, 0.00170068	, 0.0017094	, 0.088853	, 0.149007	, 0.135179	, 0.119335	, 0.114241	, 0.0934718	, 0.0637329	, 0.0436747	, 0.0389805	, 0.0293686	, 0.0243205	, 0.0195783	, 0.015015	, 0.0187207	, 0.00994318	, 0.00153374	, 0.00642055	, 0.0031348	, 0	, 0	, 0	, 0	, 0	, 0	, 0	, 0	, 0	, 0	, 0	, 0	, 0	, 0	, 0	, 0	, 0	, 0	, 0	, 0	, 0	, 0	, 0	, 0	, 0	, 0	, 0	, 0	, 0	, 0	, 0	, 0	, 0	, 0	, 0	, 0	, 0	, 0	, 0	, 0	, 0	, 0	, 0	, 0	, 0	, 0	, 0	, 0	, 0	, 0	, 0	, 0	, 0	, 0	, 0	, 0	, 0	, 0	, 0	, 0	, 0	}:
{0,	98	, 0	, 0	, 0	, 0	, 0	, 0	, 0	, 0	, 0	, 0	, 0	, 0	, 0	, 0	, 0	, 0	, 0	, 0	, 0.00170068	, 0	, 0.00323102	, 0.119205	, 0.179153	, 0.141994	, 0.114241	, 0.0905045	, 0.0758725	, 0.0677711	, 0.053973	, 0.0440529	, 0.0243205	, 0.0195783	, 0.0165165	, 0.0109204	, 0.015625	, 0.00613497	, 0.00481541	, 0	, 0	, 0.0015748	, 0	, 0	, 0	, 0	, 0	, 0	, 0	, 0	, 0	, 0	, 0	, 0	, 0	, 0	, 0	, 0	, 0	, 0	, 0	, 0	, 0	, 0	, 0	, 0	, 0	, 0	, 0	, 0	, 0	, 0	, 0	, 0	, 0	, 0	, 0	, 0	, 0	, 0	, 0	, 0	, 0	, 0	, 0	, 0	, 0	, 0	, 0	, 0	, 0	, 0	, 0	, 0	, 0	, 0	, 0	, 0	, 0	, 0	, 0	}:
{0,	98	, 0	, 0	, 0	, 0	, 0	, 0	, 0	, 0	, 0	, 0	, 0	, 0	, 0	, 0	, 0	, 0	, 0	, 0	, 0	, 0.0017094	, 0.00646204	, 0.00165563	, 0.110749	, 0.15861	, 0.13615	, 0.108309	, 0.0819423	, 0.0707831	, 0.0704648	, 0.0396476	, 0.0400572	, 0.0496988	, 0.0135135	, 0.024961	, 0.0184659	, 0.0168712	, 0.00802568	, 0.00626959	, 0.00340136	, 0.0015748	, 0	, 0	, 0	, 0	, 0	, 0	, 0	, 0	, 0	, 0	, 0	, 0	, 0	, 0	, 0	, 0	, 0	, 0	, 0	, 0	, 0	, 0	, 0	, 0	, 0	, 0	, 0	, 0	, 0	, 0	, 0	, 0	, 0	, 0	, 0	, 0	, 0	, 0	, 0	, 0	, 0	, 0	, 0	, 0	, 0	, 0	, 0	, 0	, 0	, 0	, 0	, 0	, 0	, 0	, 0	, 0	, 0	, 0	, 0	}:
{0,	98	, 0	, 0	, 0	, 0	, 0	, 0	, 0	, 0	, 0	, 0	, 0	, 0	, 0	, 0	, 0	, 0	, 0	, 0	, 0	, 0	, 0	, 0	, 0.00651466	, 0.13142	, 0.140845	, 0.145401	, 0.118361	, 0.0707831	, 0.089955	, 0.0602056	, 0.0643777	, 0.0406627	, 0.0435435	, 0.0218409	, 0.0198864	, 0.0153374	, 0.011236	, 0.00940439	, 0.0170068	, 0.00314961	, 0.00380952	, 0	, 0	, 0	, 0	, 0	, 0	, 0	, 0	, 0	, 0	, 0	, 0	, 0	, 0	, 0	, 0	, 0	, 0	, 0	, 0	, 0	, 0	, 0	, 0	, 0	, 0	, 0	, 0	, 0	, 0	, 0	, 0	, 0	, 0	, 0	, 0	, 0	, 0	, 0	, 0	, 0	, 0	, 0	, 0	, 0	, 0	, 0	, 0	, 0	, 0	, 0	, 0	, 0	, 0	, 0	, 0	, 0	, 0	}:
{0,	98	, 0	, 0	, 0	, 0	, 0	, 0	, 0	, 0	, 0	, 0	, 0	, 0	, 0	, 0	, 0	, 0	, 0	, 0	, 0	, 0	, 0	, 0	, 0.00651466	, 0.00906344	, 0.140845	, 0.130564	, 0.107739	, 0.108434	, 0.0884558	, 0.0881057	, 0.055794	, 0.0527108	, 0.042042	, 0.0468019	, 0.0326705	, 0.0245399	, 0.0128411	, 0.015674	, 0.0204082	, 0.0110236	, 0.00571429	, 0	, 0	, 0	, 0	, 0	, 0	, 0	, 0	, 0	, 0	, 0	, 0	, 0	, 0	, 0	, 0	, 0	, 0	, 0	, 0	, 0	, 0	, 0	, 0	, 0	, 0	, 0	, 0	, 0	, 0	, 0	, 0	, 0	, 0	, 0	, 0	, 0	, 0	, 0	, 0	, 0	, 0	, 0	, 0	, 0	, 0	, 0	, 0	, 0	, 0	, 0	, 0	, 0	, 0	, 0	, 0	, 0	, 0	}:
{0,	98	, 0	, 0	, 0	, 0	, 0	, 0	, 0	, 0	, 0	, 0	, 0	, 0	, 0	, 0	, 0	, 0	, 0	, 0	, 0	, 0	, 0	, 0	, 0	, 0.00151057	, 0.028169	, 0.152819	, 0.165402	, 0.135542	, 0.103448	, 0.0969163	, 0.0586552	, 0.061747	, 0.0555556	, 0.0436817	, 0.03125	, 0.0291411	, 0.0192616	, 0.0282132	, 0.0085034	, 0.0141732	, 0.00952381	, 0	, 0	, 0	, 0	, 0	, 0	, 0	, 0	, 0	, 0	, 0	, 0	, 0	, 0	, 0	, 0	, 0	, 0	, 0	, 0	, 0	, 0	, 0	, 0	, 0	, 0	, 0	, 0	, 0	, 0	, 0	, 0	, 0	, 0	, 0	, 0	, 0	, 0	, 0	, 0	, 0	, 0	, 0	, 0	, 0	, 0	, 0	, 0	, 0	, 0	, 0	, 0	, 0	, 0	, 0	, 0	, 0	, 0	}:
{0,	98	, 0	, 0	, 0	, 0	, 0	, 0	, 0	, 0	, 0	, 0	, 0	, 0	, 0	, 0	, 0	, 0	, 0	, 0	, 0	, 0	, 0	, 0	, 0.00162866	, 0	, 0.00469484	, 0.0267062	, 0.145675	, 0.118976	, 0.106447	, 0.0807636	, 0.09299	, 0.063253	, 0.0570571	, 0.0608424	, 0.0355114	, 0.0245399	, 0.046549	, 0.0297806	, 0.0238095	, 0.0110236	, 0.0114286	, 0	, 0	, 0	, 0	, 0	, 0	, 0	, 0	, 0	, 0	, 0	, 0	, 0	, 0	, 0	, 0	, 0	, 0	, 0	, 0	, 0	, 0	, 0	, 0	, 0	, 0	, 0	, 0	, 0	, 0	, 0	, 0	, 0	, 0	, 0	, 0	, 0	, 0	, 0	, 0	, 0	, 0	, 0	, 0	, 0	, 0	, 0	, 0	, 0	, 0	, 0	, 0	, 0	, 0	, 0	, 0	, 0	, 0	}:
{0,	98	, 0	, 0	, 0	, 0	, 0	, 0	, 0	, 0	, 0	, 0	, 0	, 0	, 0	, 0	, 0	, 0	, 0	, 0	, 0	, 0	, 0	, 0	, 0	, 0	, 0.00312989	, 0.00445104	, 0.0500759	, 0.150602	, 0.134933	, 0.10279	, 0.0901288	, 0.0677711	, 0.0825826	, 0.0670827	, 0.0411932	, 0.041411	, 0.0449438	, 0.039185	, 0.0272109	, 0.0188976	, 0.00761905	, 0	, 0	, 0	, 0	, 0	, 0	, 0	, 0	, 0	, 0	, 0	, 0	, 0	, 0	, 0	, 0	, 0	, 0	, 0	, 0	, 0	, 0	, 0	, 0	, 0	, 0	, 0	, 0	, 0	, 0	, 0	, 0	, 0	, 0	, 0	, 0	, 0	, 0	, 0	, 0	, 0	, 0	, 0	, 0	, 0	, 0	, 0	, 0	, 0	, 0	, 0	, 0	, 0	, 0	, 0	, 0	, 0	, 0	}:
{0,	98	, 0	, 0	, 0	, 0	, 0	, 0	, 0	, 0	, 0	, 0	, 0	, 0	, 0	, 0	, 0	, 0	, 0	, 0	, 0	, 0	, 0	, 0.00165563	, 0	, 0	, 0.00156495	, 0.00148368	, 0.0060698	, 0.0798193	, 0.127436	, 0.133627	, 0.127325	, 0.10241	, 0.0870871	, 0.0795632	, 0.0539773	, 0.0444785	, 0.0337079	, 0.0376176	, 0.0221088	, 0.023622	, 0.0304762	, 0	, 0	, 0	, 0	, 0	, 0	, 0	, 0	, 0	, 0	, 0	, 0	, 0	, 0	, 0	, 0	, 0	, 0	, 0	, 0	, 0	, 0	, 0	, 0	, 0	, 0	, 0	, 0	, 0	, 0	, 0	, 0	, 0	, 0	, 0	, 0	, 0	, 0	, 0	, 0	, 0	, 0	, 0	, 0	, 0	, 0	, 0	, 0	, 0	, 0	, 0	, 0	, 0	, 0	, 0	, 0	, 0	, 0	}:
{0,	98	, 0	, 0	, 0	, 0	, 0	, 0	, 0	, 0	, 0	, 0	, 0	, 0	, 0	, 0	, 0	, 0	, 0	, 0	, 0	, 0	, 0	, 0	, 0	, 0	, 0	, 0	, 0.0030349	, 0.00451807	, 0.0869565	, 0.123348	, 0.0972818	, 0.0858434	, 0.0780781	, 0.074883	, 0.0553977	, 0.0552147	, 0.0481541	, 0.0329154	, 0.0238095	, 0.0393701	, 0.0152381	, 0	, 0	, 0	, 0	, 0	, 0	, 0	, 0	, 0	, 0	, 0	, 0	, 0	, 0	, 0	, 0	, 0	, 0	, 0	, 0	, 0	, 0	, 0	, 0	, 0	, 0	, 0	, 0	, 0	, 0	, 0	, 0	, 0	, 0	, 0	, 0	, 0	, 0	, 0	, 0	, 0	, 0	, 0	, 0	, 0	, 0	, 0	, 0	, 0	, 0	, 0	, 0	, 0	, 0	, 0	, 0	, 0	, 0	}:
{0,	98	, 0	, 0	, 0	, 0	, 0	, 0	, 0	, 0	, 0	, 0	, 0	, 0	, 0	, 0	, 0	, 0	, 0	, 0	, 0	, 0	, 0	, 0	, 0	, 0	, 0	, 0	, 0	, 0.00301205	, 0.00149925	, 0.114537	, 0.134478	, 0.114458	, 0.100601	, 0.0655226	, 0.0738636	, 0.0889571	, 0.0449438	, 0.0438871	, 0.0306122	, 0.0362205	, 0.032381	, 0.1875	, 0	, 0	, 0	, 0	, 0	, 0	, 0	, 0	, 0	, 0	, 0	, 0	, 0	, 0	, 0	, 0	, 0	, 0	, 0	, 0	, 0	, 0	, 0	, 0	, 0	, 0	, 0	, 0	, 0	, 0	, 0	, 0	, 0	, 0	, 0	, 0	, 0	, 0	, 0	, 0	, 0	, 0	, 0	, 0	, 0	, 0	, 0	, 0	, 0	, 0	, 0	, 0	, 0	, 0	, 0	, 0	, 0	}:
{0,	98	, 0	, 0	, 0	, 0	, 0	, 0	, 0	, 0	, 0	, 0	, 0	, 0	, 0	, 0	, 0	, 0	, 0	, 0	, 0	, 0	, 0	, 0	, 0	, 0	, 0	, 0	, 0	, 0.00150602	, 0.00149925	, 0.00587372	, 0.131617	, 0.112952	, 0.0900901	, 0.0982839	, 0.0738636	, 0.0720859	, 0.05939	, 0.0705329	, 0.0306122	, 0.0377953	, 0.0342857	, 0.0625	, 0	, 0	, 0	, 0	, 0	, 0	, 0	, 0	, 0	, 0	, 0	, 0	, 0	, 0	, 0	, 0	, 0	, 0	, 0	, 0	, 0	, 0	, 0	, 0	, 0	, 0	, 0	, 0	, 0	, 0	, 0	, 0	, 0	, 0	, 0	, 0	, 0	, 0	, 0	, 0	, 0	, 0	, 0	, 0	, 0	, 0	, 0	, 0	, 0	, 0	, 0	, 0	, 0	, 0	, 0	, 0	, 0	}:
{0,	98	, 0	, 0	, 0	, 0	, 0	, 0	, 0	, 0	, 0	, 0	, 0	, 0	, 0	, 0	, 0	, 0	, 0	, 0	, 0	, 0	, 0	, 0	, 0	, 0	, 0	, 0	, 0	, 0.00301205	, 0.00149925	, 0	, 0.00858369	, 0.137048	, 0.112613	, 0.099844	, 0.100852	, 0.0720859	, 0.0674157	, 0.0517241	, 0.0306122	, 0.0409449	, 0.0342857	, 0	, 0	, 0	, 0	, 0	, 0	, 0	, 0	, 0	, 0	, 0	, 0	, 0	, 0	, 0	, 0	, 0	, 0	, 0	, 0	, 0	, 0	, 0	, 0	, 0	, 0	, 0	, 0	, 0	, 0	, 0	, 0	, 0	, 0	, 0	, 0	, 0	, 0	, 0	, 0	, 0	, 0	, 0	, 0	, 0	, 0	, 0	, 0	, 0	, 0	, 0	, 0	, 0	, 0	, 0	, 0	, 0	, 0	}:
{0,	98	, 0	, 0	, 0	, 0	, 0	, 0	, 0	, 0	, 0	, 0	, 0	, 0	, 0	, 0	, 0	, 0	, 0	, 0	, 0	, 0	, 0	, 0	, 0	, 0	, 0	, 0	, 0	, 0	, 0	, 0.00440529	, 0.00572246	, 0.0316265	, 0.13964	, 0.0920437	, 0.100852	, 0.110429	, 0.0690209	, 0.0705329	, 0.0595238	, 0.0472441	, 0.0419048	, 0	, 0	, 0	, 0	, 0	, 0	, 0	, 0	, 0	, 0	, 0	, 0	, 0	, 0	, 0	, 0	, 0	, 0	, 0	, 0	, 0	, 0	, 0	, 0	, 0	, 0	, 0	, 0	, 0	, 0	, 0	, 0	, 0	, 0	, 0	, 0	, 0	, 0	, 0	, 0	, 0	, 0	, 0	, 0	, 0	, 0	, 0	, 0	, 0	, 0	, 0	, 0	, 0	, 0	, 0	, 0	, 0	, 0	}:
{0,	98	, 0	, 0	, 0	, 0	, 0	, 0	, 0	, 0	, 0	, 0	, 0	, 0	, 0	, 0	, 0	, 0	, 0	, 0	, 0	, 0	, 0	, 0	, 0	, 0	, 0	, 0	, 0	, 0	, 0	, 0	, 0.00143062	, 0.00150602	, 0.042042	, 0.135725	, 0.136364	, 0.113497	, 0.0866774	, 0.0846395	, 0.079932	, 0.0598425	, 0.0457143	, 0	, 0	, 0	, 0	, 0	, 0	, 0	, 0	, 0	, 0	, 0	, 0	, 0	, 0	, 0	, 0	, 0	, 0	, 0	, 0	, 0	, 0	, 0	, 0	, 0	, 0	, 0	, 0	, 0	, 0	, 0	, 0	, 0	, 0	, 0	, 0	, 0	, 0	, 0	, 0	, 0	, 0	, 0	, 0	, 0	, 0	, 0	, 0	, 0	, 0	, 0	, 0	, 0	, 0	, 0	, 0	, 0	, 0	}:
{0,	98	, 0	, 0	, 0	, 0	, 0	, 0	, 0	, 0	, 0	, 0	, 0	, 0	, 0	, 0	, 0	, 0	, 0	, 0	, 0	, 0	, 0	, 0	, 0	, 0	, 0	, 0	, 0	, 0.00150602	, 0	, 0.00146843	, 0	, 0.00301205	, 0.0015015	, 0.0312012	, 0.117898	, 0.101227	, 0.0930979	, 0.0956113	, 0.079932	, 0.0551181	, 0.0571429	, 0.1875	, 0	, 0	, 0	, 0	, 0	, 0	, 0	, 0	, 0	, 0	, 0	, 0	, 0	, 0	, 0	, 0	, 0	, 0	, 0	, 0	, 0	, 0	, 0	, 0	, 0	, 0	, 0	, 0	, 0	, 0	, 0	, 0	, 0	, 0	, 0	, 0	, 0	, 0	, 0	, 0	, 0	, 0	, 0	, 0	, 0	, 0	, 0	, 0	, 0	, 0	, 0	, 0	, 0	, 0	, 0	, 0	, 0	}:
{0,	98	, 0	, 0	, 0	, 0	, 0	, 0	, 0	, 0	, 0	, 0	, 0	, 0	, 0	, 0	, 0	, 0	, 0	, 0	, 0	, 0	, 0	, 0	, 0	, 0	, 0	, 0	, 0	, 0	, 0	, 0	, 0	, 0	, 0	, 0.00156006	, 0.0681818	, 0.102761	, 0.12199	, 0.0642633	, 0.0833333	, 0.0818898	, 0.0819048	, 0.0625	, 0	, 0	, 0	, 0	, 0	, 0	, 0	, 0	, 0	, 0	, 0	, 0	, 0	, 0	, 0	, 0	, 0	, 0	, 0	, 0	, 0	, 0	, 0	, 0	, 0	, 0	, 0	, 0	, 0	, 0	, 0	, 0	, 0	, 0	, 0	, 0	, 0	, 0	, 0	, 0	, 0	, 0	, 0	, 0	, 0	, 0	, 0	, 0	, 0	, 0	, 0	, 0	, 0	, 0	, 0	, 0	, 0	}:
{0,	98	, 0	, 0	, 0	, 0	, 0	, 0	, 0	, 0	, 0	, 0	, 0	, 0	, 0	, 0	, 0	, 0	, 0	, 0	, 0	, 0	, 0	, 0	, 0	, 0	, 0	, 0	, 0	, 0	, 0	, 0	, 0.00143062	, 0.00301205	, 0	, 0	, 0.00142045	, 0.0720859	, 0.101124	, 0.106583	, 0.134354	, 0.0787402	, 0.0666667	, 0.0625	, 0	, 0	, 0	, 0	, 0	, 0	, 0	, 0	, 0	, 0	, 0	, 0	, 0	, 0	, 0	, 0	, 0	, 0	, 0	, 0	, 0	, 0	, 0	, 0	, 0	, 0	, 0	, 0	, 0	, 0	, 0	, 0	, 0	, 0	, 0	, 0	, 0	, 0	, 0	, 0	, 0	, 0	, 0	, 0	, 0	, 0	, 0	, 0	, 0	, 0	, 0	, 0	, 0	, 0	, 0	, 0	, 0	}:
{0,	98	, 0	, 0	, 0	, 0	, 0	, 0	, 0	, 0	, 0	, 0	, 0	, 0	, 0	, 0	, 0	, 0	, 0	, 0	, 0	, 0	, 0	, 0	, 0	, 0	, 0	, 0	, 0	, 0	, 0	, 0	, 0	, 0	, 0	, 0	, 0.00284091	, 0.00460123	, 0.109149	, 0.10815	, 0.085034	, 0.0755906	, 0.0971429	, 0.1875	, 0	, 0	, 0	, 0	, 0	, 0	, 0	, 0	, 0	, 0	, 0	, 0	, 0	, 0	, 0	, 0	, 0	, 0	, 0	, 0	, 0	, 0	, 0	, 0	, 0	, 0	, 0	, 0	, 0	, 0	, 0	, 0	, 0	, 0	, 0	, 0	, 0	, 0	, 0	, 0	, 0	, 0	, 0	, 0	, 0	, 0	, 0	, 0	, 0	, 0	, 0	, 0	, 0	, 0	, 0	, 0	, 0	}:
{0,	98	, 0	, 0	, 0	, 0	, 0	, 0	, 0	, 0	, 0	, 0	, 0	, 0	, 0	, 0	, 0	, 0	, 0	, 0	, 0	, 0	, 0	, 0	, 0	, 0	, 0	, 0	, 0	, 0	, 0	, 0	, 0	, 0	, 0	, 0	, 0	, 0	, 0.00642055	, 0.0877743	, 0.115646	, 0.122835	, 0.0742857	, 0.125	, 0	, 0	, 0	, 0	, 0	, 0	, 0	, 0	, 0	, 0	, 0	, 0	, 0	, 0	, 0	, 0	, 0	, 0	, 0	, 0	, 0	, 0	, 0	, 0	, 0	, 0	, 0	, 0	, 0	, 0	, 0	, 0	, 0	, 0	, 0	, 0	, 0	, 0	, 0	, 0	, 0	, 0	, 0	, 0	, 0	, 0	, 0	, 0	, 0	, 0	, 0	, 0	, 0	, 0	, 0	, 0	, 0	}:
{0,	98	, 0	, 0	, 0	, 0	, 0	, 0	, 0	, 0	, 0	, 0	, 0	, 0	, 0	, 0	, 0	, 0	, 0	, 0	, 0	, 0	, 0	, 0	, 0	, 0	, 0	, 0	, 0	, 0	, 0	, 0	, 0	, 0	, 0	, 0	, 0.00142045	, 0	, 0	, 0.0109718	, 0.105442	, 0.108661	, 0.0914286	, 0.0625	, 0	, 0	, 0	, 0	, 0	, 0	, 0	, 0	, 0	, 0	, 0	, 0	, 0	, 0	, 0	, 0	, 0	, 0	, 0	, 0	, 0	, 0	, 0	, 0	, 0	, 0	, 0	, 0	, 0	, 0	, 0	, 0	, 0	, 0	, 0	, 0	, 0	, 0	, 0	, 0	, 0	, 0	, 0	, 0	, 0	, 0	, 0	, 0	, 0	, 0	, 0	, 0	, 0	, 0	, 0	, 0	, 0	}:
{0,	98	, 0	, 0	, 0	, 0	, 0	, 0	, 0	, 0	, 0	, 0	, 0	, 0	, 0	, 0	, 0	, 0	, 0	, 0	, 0	, 0	, 0	, 0	, 0	, 0	, 0	, 0	, 0	, 0	, 0	, 0	, 0	, 0	, 0	, 0	, 0	, 0	, 0	, 0	, 0.0187075	, 0.100787	, 0.108571	, 0.0625	, 0	, 0	, 0	, 0	, 0	, 0	, 0	, 0	, 0	, 0	, 0	, 0	, 0	, 0	, 0	, 0	, 0	, 0	, 0	, 0	, 0	, 0	, 0	, 0	, 0	, 0	, 0	, 0	, 0	, 0	, 0	, 0	, 0	, 0	, 0	, 0	, 0	, 0	, 0	, 0	, 0	, 0	, 0	, 0	, 0	, 0	, 0	, 0	, 0	, 0	, 0	, 0	, 0	, 0	, 0	, 0	, 0	}:
{0,	98	, 0	, 0	, 0	, 0	, 0	, 0	, 0	, 0	, 0	, 0	, 0	, 0	, 0	, 0	, 0	, 0	, 0	, 0	, 0	, 0	, 0	, 0	, 0	, 0	, 0	, 0	, 0	, 0	, 0	, 0	, 0	, 0	, 0.0015015	, 0	, 0.00142045	, 0	, 0	, 0	, 0	, 0.0283465	, 0.125714	, 0	, 0	, 0	, 0	, 0	, 0	, 0	, 0	, 0	, 0	, 0	, 0	, 0	, 0	, 0	, 0	, 0	, 0	, 0	, 0	, 0	, 0	, 0	, 0	, 0	, 0	, 0	, 0	, 0	, 0	, 0	, 0	, 0	, 0	, 0	, 0	, 0	, 0	, 0	, 0	, 0	, 0	, 0	, 0	, 0	, 0	, 0	, 0	, 0	, 0	, 0	, 0	, 0	, 0	, 0	, 0	, 0	, 0	}:
{0,	98	, 0	, 0	, 0	, 0	, 0	, 0	, 0	, 0	, 0	, 0	, 0	, 0	, 0	, 0	, 0	, 0	, 0	, 0	, 0	, 0	, 0	, 0	, 0	, 0	, 0	, 0	, 0	, 0	, 0	, 0	, 0	, 0	, 0	, 0	, 0	, 0	, 0	, 0	, 0	, 0	, 0.0247619	, 0	, 0	, 0	, 0	, 0	, 0	, 0	, 0	, 0	, 0	, 0	, 0	, 0	, 0	, 0	, 0	, 0	, 0	, 0	, 0	, 0	, 0	, 0	, 0	, 0	, 0	, 0	, 0	, 0	, 0	, 0	, 0	, 0	, 0	, 0	, 0	, 0	, 0	, 0	, 0	, 0	, 0	, 0	, 0	, 0	, 0	, 0	, 0	, 0	, 0	, 0	, 0	, 0	, 0	, 0	, 0	, 0	, 0	}:
{0,	98	, 0	, 0	, 0	, 0	, 0	, 0	, 0	, 0	, 0	, 0	, 0	, 0	, 0	, 0	, 0	, 0	, 0	, 0	, 0	, 0	, 0	, 0	, 0	, 0	, 0	, 0	, 0	, 0	, 0	, 0	, 0	, 0	, 0	, 0	, 0	, 0	, 0	, 0	, 0	, 0	, 0	, 0	, 0	, 0	, 0	, 0	, 0	, 0	, 0	, 0	, 0	, 0	, 0	, 0	, 0	, 0	, 0	, 0	, 0	, 0	, 0	, 0	, 0	, 0	, 0	, 0	, 0	, 0	, 0	, 0	, 0	, 0	, 0	, 0	, 0	, 0	, 0	, 0	, 0	, 0	, 0	, 0	, 0	, 0	, 0	, 0	, 0	, 0	, 0	, 0	, 0	, 0	, 0	, 0	, 0	, 0	, 0	, 0	, 0	}:
{0,	98	, 0	, 0	, 0	, 0	, 0	, 0	, 0	, 0	, 0	, 0	, 0	, 0	, 0	, 0	, 0	, 0	, 0	, 0	, 0	, 0	, 0	, 0	, 0	, 0	, 0	, 0	, 0	, 0	, 0	, 0	, 0	, 0	, 0	, 0	, 0	, 0	, 0	, 0	, 0	, 0	, 0	, 0	, 0	, 0	, 0	, 0	, 0	, 0	, 0	, 0	, 0	, 0	, 0	, 0	, 0	, 0	, 0	, 0	, 0	, 0	, 0	, 0	, 0	, 0	, 0	, 0	, 0	, 0	, 0	, 0	, 0	, 0	, 0	, 0	, 0	, 0	, 0	, 0	, 0	, 0	, 0	, 0	, 0	, 0	, 0	, 0	, 0	, 0	, 0	, 0	, 0	, 0	, 0	, 0	, 0	, 0	, 0	, 0	, 0	}:
{0,	98	, 0	, 0	, 0	, 0	, 0	, 0	, 0	, 0	, 0	, 0	, 0	, 0	, 0	, 0	, 0	, 0	, 0	, 0	, 0	, 0	, 0	, 0	, 0	, 0	, 0	, 0	, 0	, 0	, 0	, 0	, 0	, 0	, 0	, 0	, 0	, 0	, 0	, 0	, 0	, 0	, 0	, 0	, 0	, 0	, 0	, 0	, 0	, 0	, 0	, 0	, 0	, 0	, 0	, 0	, 0	, 0	, 0	, 0	, 0	, 0	, 0	, 0	, 0	, 0	, 0	, 0	, 0	, 0	, 0	, 0	, 0	, 0	, 0	, 0	, 0	, 0	, 0	, 0	, 0	, 0	, 0	, 0	, 0	, 0	, 0	, 0	, 0	, 0	, 0	, 0	, 0	, 0	, 0	, 0	, 0	, 0	, 0	, 0	, 0	}:
{0,	98	, 0	, 0	, 0	, 0	, 0	, 0	, 0	, 0	, 0	, 0	, 0	, 0	, 0	, 0	, 0	, 0	, 0	, 0	, 0	, 0	, 0	, 0	, 0	, 0	, 0	, 0	, 0	, 0	, 0	, 0	, 0	, 0	, 0	, 0	, 0	, 0	, 0	, 0	, 0	, 0	, 0	, 0	, 0	, 0	, 0	, 0	, 0	, 0	, 0	, 0	, 0	, 0	, 0	, 0	, 0	, 0	, 0	, 0	, 0	, 0	, 0	, 0	, 0	, 0	, 0	, 0	, 0	, 0	, 0	, 0	, 0	, 0	, 0	, 0	, 0	, 0	, 0	, 0	, 0	, 0	, 0	, 0	, 0	, 0	, 0	, 0	, 0	, 0	, 0	, 0	, 0	, 0	, 0	, 0	, 0	, 0	, 0	, 0	, 0	}:
{0,	98	, 0	, 0	, 0	, 0	, 0	, 0	, 0	, 0	, 0	, 0	, 0	, 0	, 0	, 0	, 0	, 0	, 0	, 0	, 0	, 0	, 0	, 0	, 0	, 0	, 0	, 0	, 0	, 0	, 0	, 0	, 0	, 0	, 0	, 0	, 0	, 0	, 0	, 0	, 0	, 0	, 0	, 0	, 0	, 0	, 0	, 0	, 0	, 0	, 0	, 0	, 0	, 0	, 0	, 0	, 0	, 0	, 0	, 0	, 0	, 0	, 0	, 0	, 0	, 0	, 0	, 0	, 0	, 0	, 0	, 0	, 0	, 0	, 0	, 0	, 0	, 0	, 0	, 0	, 0	, 0	, 0	, 0	, 0	, 0	, 0	, 0	, 0	, 0	, 0	, 0	, 0	, 0	, 0	, 0	, 0	, 0	, 0	, 0	, 0	}:
{0,	98	, 0	, 0	, 0	, 0	, 0	, 0	, 0	, 0	, 0	, 0	, 0	, 0	, 0	, 0	, 0	, 0	, 0	, 0	, 0	, 0	, 0	, 0	, 0	, 0	, 0	, 0	, 0	, 0	, 0	, 0	, 0	, 0	, 0	, 0	, 0	, 0	, 0	, 0	, 0	, 0	, 0	, 0	, 0	, 0	, 0	, 0	, 0	, 0	, 0	, 0	, 0	, 0	, 0	, 0	, 0	, 0	, 0	, 0	, 0	, 0	, 0	, 0	, 0	, 0	, 0	, 0	, 0	, 0	, 0	, 0	, 0	, 0	, 0	, 0	, 0	, 0	, 0	, 0	, 0	, 0	, 0	, 0	, 0	, 0	, 0	, 0	, 0	, 0	, 0	, 0	, 0	, 0	, 0	, 0	, 0	, 0	, 0	, 0	, 0	}:
{0,	98	, 0	, 0	, 0	, 0	, 0	, 0	, 0	, 0	, 0	, 0	, 0	, 0	, 0	, 0	, 0	, 0	, 0	, 0	, 0	, 0	, 0	, 0	, 0	, 0	, 0	, 0	, 0	, 0	, 0	, 0	, 0	, 0	, 0	, 0	, 0	, 0	, 0	, 0	, 0	, 0	, 0	, 0	, 0	, 0	, 0	, 0	, 0	, 0	, 0	, 0	, 0	, 0	, 0	, 0	, 0	, 0	, 0	, 0	, 0	, 0	, 0	, 0	, 0	, 0	, 0	, 0	, 0	, 0	, 0	, 0	, 0	, 0	, 0	, 0	, 0	, 0	, 0	, 0	, 0	, 0	, 0	, 0	, 0	, 0	, 0	, 0	, 0	, 0	, 0	, 0	, 0	, 0	, 0	, 0	, 0	, 0	, 0	, 0	, 0	}:
{0,	98	, 0	, 0	, 0	, 0	, 0	, 0	, 0	, 0	, 0	, 0	, 0	, 0	, 0	, 0	, 0	, 0	, 0	, 0	, 0	, 0	, 0	, 0	, 0	, 0	, 0	, 0	, 0	, 0	, 0	, 0	, 0	, 0	, 0	, 0	, 0	, 0	, 0	, 0	, 0	, 0	, 0	, 0	, 0	, 0	, 0	, 0	, 0	, 0	, 0	, 0	, 0	, 0	, 0	, 0	, 0	, 0	, 0	, 0	, 0	, 0	, 0	, 0	, 0	, 0	, 0	, 0	, 0	, 0	, 0	, 0	, 0	, 0	, 0	, 0	, 0	, 0	, 0	, 0	, 0	, 0	, 0	, 0	, 0	, 0	, 0	, 0	, 0	, 0	, 0	, 0	, 0	, 0	, 0	, 0	, 0	, 0	, 0	, 0	, 0	}:
{0,	98	, 0	, 0	, 0	, 0	, 0	, 0	, 0	, 0	, 0	, 0	, 0	, 0	, 0	, 0	, 0	, 0	, 0	, 0	, 0	, 0	, 0	, 0	, 0	, 0	, 0	, 0	, 0	, 0	, 0	, 0	, 0	, 0	, 0	, 0	, 0	, 0	, 0	, 0	, 0	, 0	, 0	, 0	, 0	, 0	, 0	, 0	, 0	, 0	, 0	, 0	, 0	, 0	, 0	, 0	, 0	, 0	, 0	, 0	, 0	, 0	, 0	, 0	, 0	, 0	, 0	, 0	, 0	, 0	, 0	, 0	, 0	, 0	, 0	, 0	, 0	, 0	, 0	, 0	, 0	, 0	, 0	, 0	, 0	, 0	, 0	, 0	, 0	, 0	, 0	, 0	, 0	, 0	, 0	, 0	, 0	, 0	, 0	, 0	, 0	}:
{0,	98	, 0	, 0	, 0	, 0	, 0	, 0	, 0	, 0	, 0	, 0	, 0	, 0	, 0	, 0	, 0	, 0	, 0	, 0	, 0	, 0	, 0	, 0	, 0	, 0	, 0	, 0	, 0	, 0	, 0	, 0	, 0	, 0	, 0	, 0	, 0	, 0	, 0	, 0	, 0	, 0	, 0	, 0	, 0	, 0	, 0	, 0	, 0	, 0	, 0	, 0	, 0	, 0	, 0	, 0	, 0	, 0	, 0	, 0	, 0	, 0	, 0	, 0	, 0	, 0	, 0	, 0	, 0	, 0	, 0	, 0	, 0	, 0	, 0	, 0	, 0	, 0	, 0	, 0	, 0	, 0	, 0	, 0	, 0	, 0	, 0	, 0	, 0	, 0	, 0	, 0	, 0	, 0	, 0	, 0	, 0	, 0	, 0	, 0	, 0	}:
{0,	98	, 0	, 0	, 0	, 0	, 0	, 0	, 0	, 0	, 0	, 0	, 0	, 0	, 0	, 0	, 0	, 0	, 0	, 0	, 0	, 0	, 0	, 0	, 0	, 0	, 0	, 0	, 0	, 0	, 0	, 0	, 0	, 0	, 0	, 0	, 0	, 0	, 0	, 0	, 0	, 0	, 0	, 0	, 0	, 0	, 0	, 0	, 0	, 0	, 0	, 0	, 0	, 0	, 0	, 0	, 0	, 0	, 0	, 0	, 0	, 0	, 0	, 0	, 0	, 0	, 0	, 0	, 0	, 0	, 0	, 0	, 0	, 0	, 0	, 0	, 0	, 0	, 0	, 0	, 0	, 0	, 0	, 0	, 0	, 0	, 0	, 0	, 0	, 0	, 0	, 0	, 0	, 0	, 0	, 0	, 0	, 0	, 0	, 0	, 0	}:
{0,	98	, 0	, 0	, 0	, 0	, 0	, 0	, 0	, 0	, 0	, 0	, 0	, 0	, 0	, 0	, 0	, 0	, 0	, 0	, 0	, 0	, 0	, 0	, 0	, 0	, 0	, 0	, 0	, 0	, 0	, 0	, 0	, 0	, 0	, 0	, 0	, 0	, 0	, 0	, 0	, 0	, 0	, 0	, 0	, 0	, 0	, 0	, 0	, 0	, 0	, 0	, 0	, 0	, 0	, 0	, 0	, 0	, 0	, 0	, 0	, 0	, 0	, 0	, 0	, 0	, 0	, 0	, 0	, 0	, 0	, 0	, 0	, 0	, 0	, 0	, 0	, 0	, 0	, 0	, 0	, 0	, 0	, 0	, 0	, 0	, 0	, 0	, 0	, 0	, 0	, 0	, 0	, 0	, 0	, 0	, 0	, 0	, 0	, 0	, 0	}:
{0,	98	, 0	, 0	, 0	, 0	, 0	, 0	, 0	, 0	, 0	, 0	, 0	, 0	, 0	, 0	, 0	, 0	, 0	, 0	, 0	, 0	, 0	, 0	, 0	, 0	, 0	, 0	, 0	, 0	, 0	, 0	, 0	, 0	, 0	, 0	, 0	, 0	, 0	, 0	, 0	, 0	, 0	, 0	, 0	, 0	, 0	, 0	, 0	, 0	, 0	, 0	, 0	, 0	, 0	, 0	, 0	, 0	, 0	, 0	, 0	, 0	, 0	, 0	, 0	, 0	, 0	, 0	, 0	, 0	, 0	, 0	, 0	, 0	, 0	, 0	, 0	, 0	, 0	, 0	, 0	, 0	, 0	, 0	, 0	, 0	, 0	, 0	, 0	, 0	, 0	, 0	, 0	, 0	, 0	, 0	, 0	, 0	, 0	, 0	, 0	}:
{0,	98	, 0	, 0	, 0	, 0	, 0	, 0	, 0	, 0	, 0	, 0	, 0	, 0	, 0	, 0	, 0	, 0	, 0	, 0	, 0	, 0	, 0	, 0	, 0	, 0	, 0	, 0	, 0	, 0	, 0	, 0	, 0	, 0	, 0	, 0	, 0	, 0	, 0	, 0	, 0	, 0	, 0	, 0	, 0	, 0	, 0	, 0	, 0	, 0	, 0	, 0	, 0	, 0	, 0	, 0	, 0	, 0	, 0	, 0	, 0	, 0	, 0	, 0	, 0	, 0	, 0	, 0	, 0	, 0	, 0	, 0	, 0	, 0	, 0	, 0	, 0	, 0	, 0	, 0	, 0	, 0	, 0	, 0	, 0	, 0	, 0	, 0	, 0	, 0	, 0	, 0	, 0	, 0	, 0	, 0	, 0	, 0	, 0	, 0	, 0	}:
{0,	98	, 0	, 0	, 0	, 0	, 0	, 0	, 0	, 0	, 0	, 0	, 0	, 0	, 0	, 0	, 0	, 0	, 0	, 0	, 0	, 0	, 0	, 0	, 0	, 0	, 0	, 0	, 0	, 0	, 0	, 0	, 0	, 0	, 0	, 0	, 0	, 0	, 0	, 0	, 0	, 0	, 0	, 0	, 0	, 0	, 0	, 0	, 0	, 0	, 0	, 0	, 0	, 0	, 0	, 0	, 0	, 0	, 0	, 0	, 0	, 0	, 0	, 0	, 0	, 0	, 0	, 0	, 0	, 0	, 0	, 0	, 0	, 0	, 0	, 0	, 0	, 0	, 0	, 0	, 0	, 0	, 0	, 0	, 0	, 0	, 0	, 0	, 0	, 0	, 0	, 0	, 0	, 0	, 0	, 0	, 0	, 0	, 0	, 0	, 0	}:
{0,	98	, 0	, 0	, 0	, 0	, 0	, 0	, 0	, 0	, 0	, 0	, 0	, 0	, 0	, 0	, 0	, 0	, 0	, 0	, 0	, 0	, 0	, 0	, 0	, 0	, 0	, 0	, 0	, 0	, 0	, 0	, 0	, 0	, 0	, 0	, 0	, 0	, 0	, 0	, 0	, 0	, 0	, 0	, 0	, 0	, 0	, 0	, 0	, 0	, 0	, 0	, 0	, 0	, 0	, 0	, 0	, 0	, 0	, 0	, 0	, 0	, 0	, 0	, 0	, 0	, 0	, 0	, 0	, 0	, 0	, 0	, 0	, 0	, 0	, 0	, 0	, 0	, 0	, 0	, 0	, 0	, 0	, 0	, 0	, 0	, 0	, 0	, 0	, 0	, 0	, 0	, 0	, 0	, 0	, 0	, 0	, 0	, 0	, 0	, 0	}:
{0,	98	, 0	, 0	, 0	, 0	, 0	, 0	, 0	, 0	, 0	, 0	, 0	, 0	, 0	, 0	, 0	, 0	, 0	, 0	, 0	, 0	, 0	, 0	, 0	, 0	, 0	, 0	, 0	, 0	, 0	, 0	, 0	, 0	, 0	, 0	, 0	, 0	, 0	, 0	, 0	, 0	, 0	, 0	, 0	, 0	, 0	, 0	, 0	, 0	, 0	, 0	, 0	, 0	, 0	, 0	, 0	, 0	, 0	, 0	, 0	, 0	, 0	, 0	, 0	, 0	, 0	, 0	, 0	, 0	, 0	, 0	, 0	, 0	, 0	, 0	, 0	, 0	, 0	, 0	, 0	, 0	, 0	, 0	, 0	, 0	, 0	, 0	, 0	, 0	, 0	, 0	, 0	, 0	, 0	, 0	, 0	, 0	, 0	, 0	, 0	}:
{0,	98	, 0	, 0	, 0	, 0	, 0	, 0	, 0	, 0	, 0	, 0	, 0	, 0	, 0	, 0	, 0	, 0	, 0	, 0	, 0	, 0	, 0	, 0	, 0	, 0	, 0	, 0	, 0	, 0	, 0	, 0	, 0	, 0	, 0	, 0	, 0	, 0	, 0	, 0	, 0	, 0	, 0	, 0	, 0	, 0	, 0	, 0	, 0	, 0	, 0	, 0	, 0	, 0	, 0	, 0	, 0	, 0	, 0	, 0	, 0	, 0	, 0	, 0	, 0	, 0	, 0	, 0	, 0	, 0	, 0	, 0	, 0	, 0	, 0	, 0	, 0	, 0	, 0	, 0	, 0	, 0	, 0	, 0	, 0	, 0	, 0	, 0	, 0	, 0	, 0	, 0	, 0	, 0	, 0	, 0	, 0	, 0	, 0	, 0	, 0	}:
{0,	98	, 0	, 0	, 0	, 0	, 0	, 0	, 0	, 0	, 0	, 0	, 0	, 0	, 0	, 0	, 0	, 0	, 0	, 0	, 0	, 0	, 0	, 0	, 0	, 0	, 0	, 0	, 0	, 0	, 0	, 0	, 0	, 0	, 0	, 0	, 0	, 0	, 0	, 0	, 0	, 0	, 0	, 0	, 0	, 0	, 0	, 0	, 0	, 0	, 0	, 0	, 0	, 0	, 0	, 0	, 0	, 0	, 0	, 0	, 0	, 0	, 0	, 0	, 0	, 0	, 0	, 0	, 0	, 0	, 0	, 0	, 0	, 0	, 0	, 0	, 0	, 0	, 0	, 0	, 0	, 0	, 0	, 0	, 0	, 0	, 0	, 0	, 0	, 0	, 0	, 0	, 0	, 0	, 0	, 0	, 0	, 0	, 0	, 0	, 0	}:
{0,	98	, 0	, 0	, 0	, 0	, 0	, 0	, 0	, 0	, 0	, 0	, 0	, 0	, 0	, 0	, 0	, 0	, 0	, 0	, 0	, 0	, 0	, 0	, 0	, 0	, 0	, 0	, 0	, 0	, 0	, 0	, 0	, 0	, 0	, 0	, 0	, 0	, 0	, 0	, 0	, 0	, 0	, 0	, 0	, 0	, 0	, 0	, 0	, 0	, 0	, 0	, 0	, 0	, 0	, 0	, 0	, 0	, 0	, 0	, 0	, 0	, 0	, 0	, 0	, 0	, 0	, 0	, 0	, 0	, 0	, 0	, 0	, 0	, 0	, 0	, 0	, 0	, 0	, 0	, 0	, 0	, 0	, 0	, 0	, 0	, 0	, 0	, 0	, 0	, 0	, 0	, 0	, 0	, 0	, 0	, 0	, 0	, 0	, 0	, 0	}:
{0,	98	, 0	, 0	, 0	, 0	, 0	, 0	, 0	, 0	, 0	, 0	, 0	, 0	, 0	, 0	, 0	, 0	, 0	, 0	, 0	, 0	, 0	, 0	, 0	, 0	, 0	, 0	, 0	, 0	, 0	, 0	, 0	, 0	, 0	, 0	, 0	, 0	, 0	, 0	, 0	, 0	, 0	, 0	, 0	, 0	, 0	, 0	, 0	, 0	, 0	, 0	, 0	, 0	, 0	, 0	, 0	, 0	, 0	, 0	, 0	, 0	, 0	, 0	, 0	, 0	, 0	, 0	, 0	, 0	, 0	, 0	, 0	, 0	, 0	, 0	, 0	, 0	, 0	, 0	, 0	, 0	, 0	, 0	, 0	, 0	, 0	, 0	, 0	, 0	, 0	, 0	, 0	, 0	, 0	, 0	, 0	, 0	, 0	, 0	, 0	}:
{0,	98	, 0	, 0	, 0	, 0	, 0	, 0	, 0	, 0	, 0	, 0	, 0	, 0	, 0	, 0	, 0	, 0	, 0	, 0	, 0	, 0	, 0	, 0	, 0	, 0	, 0	, 0	, 0	, 0	, 0	, 0	, 0	, 0	, 0	, 0	, 0	, 0	, 0	, 0	, 0	, 0	, 0	, 0	, 0	, 0	, 0	, 0	, 0	, 0	, 0	, 0	, 0	, 0	, 0	, 0	, 0	, 0	, 0	, 0	, 0	, 0	, 0	, 0	, 0	, 0	, 0	, 0	, 0	, 0	, 0	, 0	, 0	, 0	, 0	, 0	, 0	, 0	, 0	, 0	, 0	, 0	, 0	, 0	, 0	, 0	, 0	, 0	, 0	, 0	, 0	, 0	, 0	, 0	, 0	, 0	, 0	, 0	, 0	, 0	, 0	}:
{0,	98	, 0	, 0	, 0	, 0	, 0	, 0	, 0	, 0	, 0	, 0	, 0	, 0	, 0	, 0	, 0	, 0	, 0	, 0	, 0	, 0	, 0	, 0	, 0	, 0	, 0	, 0	, 0	, 0	, 0	, 0	, 0	, 0	, 0	, 0	, 0	, 0	, 0	, 0	, 0	, 0	, 0	, 0	, 0	, 0	, 0	, 0	, 0	, 0	, 0	, 0	, 0	, 0	, 0	, 0	, 0	, 0	, 0	, 0	, 0	, 0	, 0	, 0	, 0	, 0	, 0	, 0	, 0	, 0	, 0	, 0	, 0	, 0	, 0	, 0	, 0	, 0	, 0	, 0	, 0	, 0	, 0	, 0	, 0	, 0	, 0	, 0	, 0	, 0	, 0	, 0	, 0	, 0	, 0	, 0	, 0	, 0	, 0	, 0	, 0	}:
{0,	98	, 0	, 0	, 0	, 0	, 0	, 0	, 0	, 0	, 0	, 0	, 0	, 0	, 0	, 0	, 0	, 0	, 0	, 0	, 0	, 0	, 0	, 0	, 0	, 0	, 0	, 0	, 0	, 0	, 0	, 0	, 0	, 0	, 0	, 0	, 0	, 0	, 0	, 0	, 0	, 0	, 0	, 0	, 0	, 0	, 0	, 0	, 0	, 0	, 0	, 0	, 0	, 0	, 0	, 0	, 0	, 0	, 0	, 0	, 0	, 0	, 0	, 0	, 0	, 0	, 0	, 0	, 0	, 0	, 0	, 0	, 0	, 0	, 0	, 0	, 0	, 0	, 0	, 0	, 0	, 0	, 0	, 0	, 0	, 0	, 0	, 0	, 0	, 0	, 0	, 0	, 0	, 0	, 0	, 0	, 0	, 0	, 0	, 0	, 0	}:
{0,	98	, 0	, 0	, 0	, 0	, 0	, 0	, 0	, 0	, 0	, 0	, 0	, 0	, 0	, 0	, 0	, 0	, 0	, 0	, 0	, 0	, 0	, 0	, 0	, 0	, 0	, 0	, 0	, 0	, 0	, 0	, 0	, 0	, 0	, 0	, 0	, 0	, 0	, 0	, 0	, 0	, 0	, 0	, 0	, 0	, 0	, 0	, 0	, 0	, 0	, 0	, 0	, 0	, 0	, 0	, 0	, 0	, 0	, 0	, 0	, 0	, 0	, 0	, 0	, 0	, 0	, 0	, 0	, 0	, 0	, 0	, 0	, 0	, 0	, 0	, 0	, 0	, 0	, 0	, 0	, 0	, 0	, 0	, 0	, 0	, 0	, 0	, 0	, 0	, 0	, 0	, 0	, 0	, 0	, 0	, 0	, 0	, 0	, 0	, 0	}:
{0,	98	, 0	, 0	, 0	, 0	, 0	, 0	, 0	, 0	, 0	, 0	, 0	, 0	, 0	, 0	, 0	, 0	, 0	, 0	, 0	, 0	, 0	, 0	, 0	, 0	, 0	, 0	, 0	, 0	, 0	, 0	, 0	, 0	, 0	, 0	, 0	, 0	, 0	, 0	, 0	, 0	, 0	, 0	, 0	, 0	, 0	, 0	, 0	, 0	, 0	, 0	, 0	, 0	, 0	, 0	, 0	, 0	, 0	, 0	, 0	, 0	, 0	, 0	, 0	, 0	, 0	, 0	, 0	, 0	, 0	, 0	, 0	, 0	, 0	, 0	, 0	, 0	, 0	, 0	, 0	, 0	, 0	, 0	, 0	, 0	, 0	, 0	, 0	, 0	, 0	, 0	, 0	, 0	, 0	, 0	, 0	, 0	, 0	, 0	, 0	}:
{0,	98	, 0	, 0	, 0	, 0	, 0	, 0	, 0	, 0	, 0	, 0	, 0	, 0	, 0	, 0	, 0	, 0	, 0	, 0	, 0	, 0	, 0	, 0	, 0	, 0	, 0	, 0	, 0	, 0	, 0	, 0	, 0	, 0	, 0	, 0	, 0	, 0	, 0	, 0	, 0	, 0	, 0	, 0	, 0	, 0	, 0	, 0	, 0	, 0	, 0	, 0	, 0	, 0	, 0	, 0	, 0	, 0	, 0	, 0	, 0	, 0	, 0	, 0	, 0	, 0	, 0	, 0	, 0	, 0	, 0	, 0	, 0	, 0	, 0	, 0	, 0	, 0	, 0	, 0	, 0	, 0	, 0	, 0	, 0	, 0	, 0	, 0	, 0	, 0	, 0	, 0	, 0	, 0	, 0	, 0	, 0	, 0	, 0	, 0	, 0	}:
{0,	98	, 0	, 0	, 0	, 0	, 0	, 0	, 0	, 0	, 0	, 0	, 0	, 0	, 0	, 0	, 0	, 0	, 0	, 0	, 0	, 0	, 0	, 0	, 0	, 0	, 0	, 0	, 0	, 0	, 0	, 0	, 0	, 0	, 0	, 0	, 0	, 0	, 0	, 0	, 0	, 0	, 0	, 0	, 0	, 0	, 0	, 0	, 0	, 0	, 0	, 0	, 0	, 0	, 0	, 0	, 0	, 0	, 0	, 0	, 0	, 0	, 0	, 0	, 0	, 0	, 0	, 0	, 0	, 0	, 0	, 0	, 0	, 0	, 0	, 0	, 0	, 0	, 0	, 0	, 0	, 0	, 0	, 0	, 0	, 0	, 0	, 0	, 0	, 0	, 0	, 0	, 0	, 0	, 0	, 0	, 0	, 0	, 0	, 0	, 0	}:
{0,	98	, 0	, 0	, 0	, 0	, 0	, 0	, 0	, 0	, 0	, 0	, 0	, 0	, 0	, 0	, 0	, 0	, 0	, 0	, 0	, 0	, 0	, 0	, 0	, 0	, 0	, 0	, 0	, 0	, 0	, 0	, 0	, 0	, 0	, 0	, 0	, 0	, 0	, 0	, 0	, 0	, 0	, 0	, 0	, 0	, 0	, 0	, 0	, 0	, 0	, 0	, 0	, 0	, 0	, 0	, 0	, 0	, 0	, 0	, 0	, 0	, 0	, 0	, 0	, 0	, 0	, 0	, 0	, 0	, 0	, 0	, 0	, 0	, 0	, 0	, 0	, 0	, 0	, 0	, 0	, 0	, 0	, 0	, 0	, 0	, 0	, 0	, 0	, 0	, 0	, 0	, 0	, 0	, 0	, 0	, 0	, 0	, 0	, 0	, 0	}:
{0,	98	, 0	, 0	, 0	, 0	, 0	, 0	, 0	, 0	, 0	, 0	, 0	, 0	, 0	, 0	, 0	, 0	, 0	, 0	, 0	, 0	, 0	, 0	, 0	, 0	, 0	, 0	, 0	, 0	, 0	, 0	, 0	, 0	, 0	, 0	, 0	, 0	, 0	, 0	, 0	, 0	, 0	, 0	, 0	, 0	, 0	, 0	, 0	, 0	, 0	, 0	, 0	, 0	, 0	, 0	, 0	, 0	, 0	, 0	, 0	, 0	, 0	, 0	, 0	, 0	, 0	, 0	, 0	, 0	, 0	, 0	, 0	, 0	, 0	, 0	, 0	, 0	, 0	, 0	, 0	, 0	, 0	, 0	, 0	, 0	, 0	, 0	, 0	, 0	, 0	, 0	, 0	, 0	, 0	, 0	, 0	, 0	, 0	, 0	, 0	}:
{0,	98	, 0	, 0	, 0	, 0	, 0	, 0	, 0	, 0	, 0	, 0	, 0	, 0	, 0	, 0	, 0	, 0	, 0	, 0	, 0	, 0	, 0	, 0	, 0	, 0	, 0	, 0	, 0	, 0	, 0	, 0	, 0	, 0	, 0	, 0	, 0	, 0	, 0	, 0	, 0	, 0	, 0	, 0	, 0	, 0	, 0	, 0	, 0	, 0	, 0	, 0	, 0	, 0	, 0	, 0	, 0	, 0	, 0	, 0	, 0	, 0	, 0	, 0	, 0	, 0	, 0	, 0	, 0	, 0	, 0	, 0	, 0	, 0	, 0	, 0	, 0	, 0	, 0	, 0	, 0	, 0	, 0	, 0	, 0	, 0	, 0	, 0	, 0	, 0	, 0	, 0	, 0	, 0	, 0	, 0	, 0	, 0	, 0	, 0	, 0	}:
{0,	98	, 0	, 0	, 0	, 0	, 0	, 0	, 0	, 0	, 0	, 0	, 0	, 0	, 0	, 0	, 0	, 0	, 0	, 0	, 0	, 0	, 0	, 0	, 0	, 0	, 0	, 0	, 0	, 0	, 0	, 0	, 0	, 0	, 0	, 0	, 0	, 0	, 0	, 0	, 0	, 0	, 0	, 0	, 0	, 0	, 0	, 0	, 0	, 0	, 0	, 0	, 0	, 0	, 0	, 0	, 0	, 0	, 0	, 0	, 0	, 0	, 0	, 0	, 0	, 0	, 0	, 0	, 0	, 0	, 0	, 0	, 0	, 0	, 0	, 0	, 0	, 0	, 0	, 0	, 0	, 0	, 0	, 0	, 0	, 0	, 0	, 0	, 0	, 0	, 0	, 0	, 0	, 0	, 0	, 0	, 0	, 0	, 0	, 0	, 0	}:
{0,	98	, 0	, 0	, 0	, 0	, 0	, 0	, 0	, 0	, 0	, 0	, 0	, 0	, 0	, 0	, 0	, 0	, 0	, 0	, 0	, 0	, 0	, 0	, 0	, 0	, 0	, 0	, 0	, 0	, 0	, 0	, 0	, 0	, 0	, 0	, 0	, 0	, 0	, 0	, 0	, 0	, 0	, 0	, 0	, 0	, 0	, 0	, 0	, 0	, 0	, 0	, 0	, 0	, 0	, 0	, 0	, 0	, 0	, 0	, 0	, 0	, 0	, 0	, 0	, 0	, 0	, 0	, 0	, 0	, 0	, 0	, 0	, 0	, 0	, 0	, 0	, 0	, 0	, 0	, 0	, 0	, 0	, 0	, 0	, 0	, 0	, 0	, 0	, 0	, 0	, 0	, 0	, 0	, 0	, 0	, 0	, 0	, 0	, 0	, 0	};
>