energy(#app_nuebar_sig)<
@energy=
{0,	98	, 0	, 0	, 0	, 0	, 0	, 0	, 0	, 0	, 0	, 0	, 0	, 0	, 0	, 0	, 0	, 0	, 0	, 0	, 0	, 0	, 0	, 0	, 0	, 0	, 0	, 0	, 0	, 0	, 0	, 0	, 0	, 0	, 0	, 0	, 0	, 0	, 0	, 0	, 0	, 0	, 0	, 0	, 0	, 0	, 0	, 0	, 0	, 0	, 0	, 0	, 0	, 0	, 0	, 0	, 0	, 0	, 0	, 0	, 0	, 0	, 0	, 0	, 0	, 0	, 0	, 0	, 0	, 0	, 0	, 0	, 0	, 0	, 0	, 0	, 0	, 0	, 0	, 0	, 0	, 0	, 0	, 0	, 0	, 0	, 0	, 0	, 0	, 0	, 0	, 0	, 0	, 0	, 0	, 0	, 0	, 0	, 0	, 0	, 0	}:
{0,	98	, 0	, 0	, 0	, 0	, 0	, 0	, 0	, 0	, 0	, 0	, 0	, 0	, 0	, 0	, 0	, 0	, 0	, 0	, 0	, 0	, 0	, 0	, 0	, 0	, 0	, 0	, 0	, 0	, 0	, 0	, 0	, 0	, 0	, 0	, 0	, 0	, 0	, 0	, 0	, 0	, 0	, 0	, 0	, 0	, 0	, 0	, 0	, 0	, 0	, 0	, 0	, 0	, 0	, 0	, 0	, 0	, 0	, 0	, 0	, 0	, 0	, 0	, 0	, 0	, 0	, 0	, 0	, 0	, 0	, 0	, 0	, 0	, 0	, 0	, 0	, 0	, 0	, 0	, 0	, 0	, 0	, 0	, 0	, 0	, 0	, 0	, 0	, 0	, 0	, 0	, 0	, 0	, 0	, 0	, 0	, 0	, 0	, 0	, 0	}:
{0,	98	, 0	, 0	, 0	, 0	, 0	, 0	, 0	, 0	, 0	, 0	, 0	, 0	, 0	, 0	, 0	, 0	, 0	, 0	, 0	, 0	, 0	, 0	, 0	, 0	, 0	, 0	, 0	, 0	, 0	, 0	, 0	, 0	, 0	, 0	, 0	, 0	, 0	, 0	, 0	, 0	, 0	, 0	, 0	, 0	, 0	, 0	, 0	, 0	, 0	, 0	, 0	, 0	, 0	, 0	, 0	, 0	, 0	, 0	, 0	, 0	, 0	, 0	, 0	, 0	, 0	, 0	, 0	, 0	, 0	, 0	, 0	, 0	, 0	, 0	, 0	, 0	, 0	, 0	, 0	, 0	, 0	, 0	, 0	, 0	, 0	, 0	, 0	, 0	, 0	, 0	, 0	, 0	, 0	, 0	, 0	, 0	, 0	, 0	, 0	}:
{0,	98	, 0	, 0	, 0	, 0	, 0.0160643	, 0.00102564	, 0	, 0	, 0	, 0	, 0	, 0	, 0	, 0	, 0	, 0	, 0	, 0	, 0	, 0	, 0	, 0	, 0	, 0	, 0	, 0	, 0	, 0	, 0	, 0	, 0	, 0	, 0	, 0	, 0	, 0	, 0	, 0	, 0	, 0	, 0	, 0	, 0	, 0	, 0	, 0	, 0	, 0	, 0	, 0	, 0	, 0	, 0	, 0	, 0	, 0	, 0	, 0	, 0	, 0	, 0	, 0	, 0	, 0	, 0	, 0	, 0	, 0	, 0	, 0	, 0	, 0	, 0	, 0	, 0	, 0	, 0	, 0	, 0	, 0	, 0	, 0	, 0	, 0	, 0	, 0	, 0	, 0	, 0	, 0	, 0	, 0	, 0	, 0	, 0	, 0	, 0	, 0	, 0	}:
{0,	98	, 0	, 0	, 0	, 0	, 0.831325	, 0.154872	, 0.00309598	, 0.00125945	, 0	, 0	, 0	, 0	, 0	, 0	, 0	, 0	, 0	, 0	, 0	, 0	, 0	, 0	, 0	, 0	, 0	, 0	, 0	, 0	, 0	, 0	, 0	, 0	, 0	, 0	, 0	, 0	, 0	, 0	, 0	, 0	, 0	, 0	, 0	, 0	, 0	, 0	, 0	, 0	, 0	, 0	, 0	, 0	, 0	, 0	, 0	, 0	, 0	, 0	, 0	, 0	, 0	, 0	, 0	, 0	, 0	, 0	, 0	, 0	, 0	, 0	, 0	, 0	, 0	, 0	, 0	, 0	, 0	, 0	, 0	, 0	, 0	, 0	, 0	, 0	, 0	, 0	, 0	, 0	, 0	, 0	, 0	, 0	, 0	, 0	, 0	, 0	, 0	, 0	, 0	}:
{0,	98	, 0	, 0	, 0	, 0	, 0.15261	, 0.726154	, 0.202012	, 0.0151134	, 0.00106553	, 0	, 0	, 0	, 0	, 0	, 0	, 0	, 0	, 0	, 0	, 0	, 0	, 0	, 0	, 0	, 0	, 0	, 0	, 0	, 0	, 0	, 0	, 0	, 0	, 0	, 0	, 0	, 0	, 0	, 0	, 0	, 0	, 0	, 0	, 0	, 0	, 0	, 0	, 0	, 0	, 0	, 0	, 0	, 0	, 0	, 0	, 0	, 0	, 0	, 0	, 0	, 0	, 0	, 0	, 0	, 0	, 0	, 0	, 0	, 0	, 0	, 0	, 0	, 0	, 0	, 0	, 0	, 0	, 0	, 0	, 0	, 0	, 0	, 0	, 0	, 0	, 0	, 0	, 0	, 0	, 0	, 0	, 0	, 0	, 0	, 0	, 0	, 0	, 0	, 0	}:
{0,	98	, 0	, 0	, 0	, 0	, 0	, 0.114872	, 0.681115	, 0.202771	, 0.0122536	, 0	, 0	, 0	, 0	, 0	, 0	, 0	, 0	, 0	, 0	, 0	, 0	, 0	, 0	, 0	, 0	, 0	, 0	, 0	, 0	, 0	, 0	, 0	, 0	, 0	, 0	, 0	, 0	, 0	, 0	, 0	, 0	, 0	, 0	, 0	, 0	, 0	, 0	, 0	, 0	, 0	, 0	, 0	, 0	, 0	, 0	, 0	, 0	, 0	, 0	, 0	, 0	, 0	, 0	, 0	, 0	, 0	, 0	, 0	, 0	, 0	, 0	, 0	, 0	, 0	, 0	, 0	, 0	, 0	, 0	, 0	, 0	, 0	, 0	, 0	, 0	, 0	, 0	, 0	, 0	, 0	, 0	, 0	, 0	, 0	, 0	, 0	, 0	, 0	, 0	}:
{0,	98	, 0	, 0	, 0	, 0	, 0	, 0.00102564	, 0.108359	, 0.644207	, 0.196058	, 0.022192	, 0.0011811	, 0	, 0	, 0	, 0	, 0	, 0	, 0	, 0	, 0	, 0	, 0	, 0	, 0	, 0	, 0	, 0	, 0	, 0	, 0	, 0	, 0	, 0	, 0	, 0	, 0	, 0	, 0	, 0	, 0	, 0	, 0	, 0	, 0	, 0	, 0	, 0	, 0	, 0	, 0	, 0	, 0	, 0	, 0	, 0	, 0	, 0	, 0	, 0	, 0	, 0	, 0	, 0	, 0	, 0	, 0	, 0	, 0	, 0	, 0	, 0	, 0	, 0	, 0	, 0	, 0	, 0	, 0	, 0	, 0	, 0	, 0	, 0	, 0	, 0	, 0	, 0	, 0	, 0	, 0	, 0	, 0	, 0	, 0	, 0	, 0	, 0	, 0	, 0	}:
{0,	98	, 0	, 0	, 0	, 0	, 0	, 0	, 0.00309598	, 0.132242	, 0.627064	, 0.220562	, 0.0275591	, 0.0011169	, 0.000374251	, 0	, 0	, 0	, 0	, 0	, 0	, 0	, 0	, 0	, 0	, 0	, 0	, 0	, 0	, 0	, 0	, 0	, 0	, 0	, 0	, 0	, 0	, 0	, 0	, 0	, 0	, 0	, 0	, 0	, 0	, 0	, 0	, 0	, 0	, 0	, 0	, 0	, 0	, 0	, 0	, 0	, 0	, 0	, 0	, 0	, 0	, 0	, 0	, 0	, 0	, 0	, 0	, 0	, 0	, 0	, 0	, 0	, 0	, 0	, 0	, 0	, 0	, 0	, 0	, 0	, 0	, 0	, 0	, 0	, 0	, 0	, 0	, 0	, 0	, 0	, 0	, 0	, 0	, 0	, 0	, 0	, 0	, 0	, 0	, 0	, 0	}:
{0,	98	, 0	, 0	, 0	, 0	, 0	, 0.00102564	, 0.000773994	, 0.00314861	, 0.150773	, 0.602355	, 0.239764	, 0.0297841	, 0.00261976	, 0	, 0	, 0	, 0	, 0	, 0	, 0	, 0	, 0	, 0	, 0	, 0	, 0	, 0	, 0	, 0	, 0	, 0	, 0	, 0	, 0	, 0	, 0	, 0	, 0	, 0	, 0	, 0	, 0	, 0	, 0	, 0	, 0	, 0	, 0	, 0	, 0	, 0	, 0	, 0	, 0	, 0	, 0	, 0	, 0	, 0	, 0	, 0	, 0	, 0	, 0	, 0	, 0	, 0	, 0	, 0	, 0	, 0	, 0	, 0	, 0	, 0	, 0	, 0	, 0	, 0	, 0	, 0	, 0	, 0	, 0	, 0	, 0	, 0	, 0	, 0	, 0	, 0	, 0	, 0	, 0	, 0	, 0	, 0	, 0	, 0	}:
{0,	98	, 0	, 0	, 0	, 0	, 0	, 0.00102564	, 0.000773994	, 0	, 0.0101225	, 0.139493	, 0.569291	, 0.22971	, 0.0411677	, 0.00228484	, 0	, 0	, 0	, 0	, 0	, 0	, 0	, 0	, 0	, 0	, 0	, 0	, 0	, 0	, 0	, 0	, 0	, 0	, 0	, 0	, 0	, 0	, 0	, 0	, 0	, 0	, 0	, 0	, 0	, 0	, 0	, 0	, 0	, 0	, 0	, 0	, 0	, 0	, 0	, 0	, 0	, 0	, 0	, 0	, 0	, 0	, 0	, 0	, 0	, 0	, 0	, 0	, 0	, 0	, 0	, 0	, 0	, 0	, 0	, 0	, 0	, 0	, 0	, 0	, 0	, 0	, 0	, 0	, 0	, 0	, 0	, 0	, 0	, 0	, 0	, 0	, 0	, 0	, 0	, 0	, 0	, 0	, 0	, 0	, 0	}:
{0,	98	, 0	, 0	, 0	, 0	, 0	, 0	, 0	, 0.00125945	, 0.00106553	, 0.013587	, 0.150394	, 0.568131	, 0.258982	, 0.043412	, 0.00659341	, 0	, 0	, 0	, 0	, 0	, 0	, 0	, 0	, 0	, 0	, 0	, 0	, 0	, 0	, 0	, 0	, 0	, 0	, 0	, 0	, 0	, 0	, 0	, 0	, 0	, 0	, 0	, 0	, 0	, 0	, 0	, 0	, 0	, 0	, 0	, 0	, 0	, 0	, 0	, 0	, 0	, 0	, 0	, 0	, 0	, 0	, 0	, 0	, 0	, 0	, 0	, 0	, 0	, 0	, 0	, 0	, 0	, 0	, 0	, 0	, 0	, 0	, 0	, 0	, 0	, 0	, 0	, 0	, 0	, 0	, 0	, 0	, 0	, 0	, 0	, 0	, 0	, 0	, 0	, 0	, 0	, 0	, 0	, 0	}:
{0,	98	, 0	, 0	, 0	, 0	, 0	, 0	, 0	, 0	, 0.000532765	, 0.00181159	, 0.0102362	, 0.149293	, 0.537425	, 0.263519	, 0.0454212	, 0.00783476	, 0.00277393	, 0	, 0	, 0	, 0	, 0	, 0	, 0	, 0	, 0	, 0	, 0	, 0	, 0	, 0	, 0	, 0	, 0	, 0	, 0	, 0	, 0	, 0	, 0	, 0	, 0	, 0	, 0	, 0	, 0	, 0	, 0	, 0	, 0	, 0	, 0	, 0	, 0	, 0	, 0	, 0	, 0	, 0	, 0	, 0	, 0	, 0	, 0	, 0	, 0	, 0	, 0	, 0	, 0	, 0	, 0	, 0	, 0	, 0	, 0	, 0	, 0	, 0	, 0	, 0	, 0	, 0	, 0	, 0	, 0	, 0	, 0	, 0	, 0	, 0	, 0	, 0	, 0	, 0	, 0	, 0	, 0	, 0	}:
{0,	98	, 0	, 0	, 0	, 0	, 0	, 0	, 0.000773994	, 0	, 0.000532765	, 0	, 0.000787402	, 0.018615	, 0.140719	, 0.506474	, 0.254212	, 0.0477208	, 0.00832178	, 0	, 0	, 0	, 0	, 0	, 0	, 0	, 0	, 0	, 0	, 0	, 0	, 0	, 0	, 0	, 0	, 0	, 0	, 0	, 0	, 0	, 0	, 0	, 0	, 0	, 0	, 0	, 0	, 0	, 0	, 0	, 0	, 0	, 0	, 0	, 0	, 0	, 0	, 0	, 0	, 0	, 0	, 0	, 0	, 0	, 0	, 0	, 0	, 0	, 0	, 0	, 0	, 0	, 0	, 0	, 0	, 0	, 0	, 0	, 0	, 0	, 0	, 0	, 0	, 0	, 0	, 0	, 0	, 0	, 0	, 0	, 0	, 0	, 0	, 0	, 0	, 0	, 0	, 0	, 0	, 0	, 0	}:
{0,	98	, 0	, 0	, 0	, 0	, 0	, 0	, 0	, 0	, 0	, 0	, 0.000393701	, 0.0018615	, 0.0127246	, 0.14623	, 0.507692	, 0.246439	, 0.0527046	, 0.00573614	, 0.00195822	, 0	, 0	, 0	, 0	, 0	, 0	, 0	, 0	, 0	, 0	, 0	, 0	, 0	, 0	, 0	, 0	, 0	, 0	, 0	, 0	, 0	, 0	, 0	, 0	, 0	, 0	, 0	, 0	, 0	, 0	, 0	, 0	, 0	, 0	, 0	, 0	, 0	, 0	, 0	, 0	, 0	, 0	, 0	, 0	, 0	, 0	, 0	, 0	, 0	, 0	, 0	, 0	, 0	, 0	, 0	, 0	, 0	, 0	, 0	, 0	, 0	, 0	, 0	, 0	, 0	, 0	, 0	, 0	, 0	, 0	, 0	, 0	, 0	, 0	, 0	, 0	, 0	, 0	, 0	, 0	}:
{0,	98	, 0	, 0	, 0	, 0	, 0	, 0	, 0	, 0	, 0.000532765	, 0	, 0	, 0.0011169	, 0.00299401	, 0.0266565	, 0.150916	, 0.531339	, 0.252427	, 0.0439771	, 0.00848564	, 0.000631712	, 0	, 0	, 0	, 0	, 0	, 0	, 0	, 0	, 0	, 0	, 0	, 0	, 0	, 0	, 0	, 0	, 0	, 0	, 0	, 0	, 0	, 0	, 0	, 0	, 0	, 0	, 0	, 0	, 0	, 0	, 0	, 0	, 0	, 0	, 0	, 0	, 0	, 0	, 0	, 0	, 0	, 0	, 0	, 0	, 0	, 0	, 0	, 0	, 0	, 0	, 0	, 0	, 0	, 0	, 0	, 0	, 0	, 0	, 0	, 0	, 0	, 0	, 0	, 0	, 0	, 0	, 0	, 0	, 0	, 0	, 0	, 0	, 0	, 0	, 0	, 0	, 0	, 0	, 0	}:
{0,	98	, 0	, 0	, 0	, 0	, 0	, 0	, 0	, 0	, 0	, 0	, 0	, 0	, 0.000748503	, 0.0053313	, 0.0234432	, 0.136752	, 0.487517	, 0.249203	, 0.0704961	, 0.00694883	, 0.00254291	, 0	, 0	, 0	, 0	, 0	, 0	, 0	, 0	, 0	, 0	, 0	, 0	, 0	, 0	, 0	, 0	, 0	, 0	, 0	, 0	, 0	, 0	, 0	, 0	, 0	, 0	, 0	, 0	, 0	, 0	, 0	, 0	, 0	, 0	, 0	, 0	, 0	, 0	, 0	, 0	, 0	, 0	, 0	, 0	, 0	, 0	, 0	, 0	, 0	, 0	, 0	, 0	, 0	, 0	, 0	, 0	, 0	, 0	, 0	, 0	, 0	, 0	, 0	, 0	, 0	, 0	, 0	, 0	, 0	, 0	, 0	, 0	, 0	, 0	, 0	, 0	, 0	, 0	}:
{0,	98	, 0	, 0	, 0	, 0	, 0	, 0	, 0	, 0	, 0	, 0	, 0	, 0.000372301	, 0.00224551	, 0.00152323	, 0.003663	, 0.017094	, 0.156033	, 0.493945	, 0.24282	, 0.0518004	, 0.00699301	, 0	, 0.000609013	, 0	, 0	, 0	, 0	, 0	, 0	, 0	, 0	, 0	, 0	, 0	, 0	, 0	, 0	, 0	, 0	, 0	, 0	, 0	, 0	, 0	, 0	, 0	, 0	, 0	, 0	, 0	, 0	, 0	, 0	, 0	, 0	, 0	, 0	, 0	, 0	, 0	, 0	, 0	, 0	, 0	, 0	, 0	, 0	, 0	, 0	, 0	, 0	, 0	, 0	, 0	, 0	, 0	, 0	, 0	, 0	, 0	, 0	, 0	, 0	, 0	, 0	, 0	, 0	, 0	, 0	, 0	, 0	, 0	, 0	, 0	, 0	, 0	, 0	, 0	, 0	}:
{0,	98	, 0	, 0	, 0	, 0	, 0	, 0	, 0	, 0	, 0	, 0	, 0	, 0	, 0	, 0.00380807	, 0.003663	, 0.00213675	, 0.0235784	, 0.172721	, 0.477807	, 0.238155	, 0.0616656	, 0.00912964	, 0.00121803	, 0.000593824	, 0	, 0	, 0	, 0	, 0	, 0	, 0	, 0	, 0	, 0	, 0	, 0	, 0	, 0	, 0	, 0	, 0	, 0	, 0	, 0	, 0	, 0	, 0	, 0	, 0	, 0	, 0	, 0	, 0	, 0	, 0	, 0	, 0	, 0	, 0	, 0	, 0	, 0	, 0	, 0	, 0	, 0	, 0	, 0	, 0	, 0	, 0	, 0	, 0	, 0	, 0	, 0	, 0	, 0	, 0	, 0	, 0	, 0	, 0	, 0	, 0	, 0	, 0	, 0	, 0	, 0	, 0	, 0	, 0	, 0	, 0	, 0	, 0	, 0	, 0	}:
{0,	98	, 0	, 0	, 0	, 0	, 0	, 0	, 0	, 0	, 0	, 0	, 0.000393701	, 0	, 0	, 0.000761615	, 0.0014652	, 0.002849	, 0.00832178	, 0.0229446	, 0.165144	, 0.500316	, 0.246027	, 0.0584297	, 0.0103532	, 0.00178147	, 0.000602047	, 0	, 0	, 0	, 0	, 0	, 0	, 0	, 0	, 0	, 0	, 0	, 0	, 0	, 0	, 0	, 0	, 0	, 0	, 0	, 0	, 0	, 0	, 0	, 0	, 0	, 0	, 0	, 0	, 0	, 0	, 0	, 0	, 0	, 0	, 0	, 0	, 0	, 0	, 0	, 0	, 0	, 0	, 0	, 0	, 0	, 0	, 0	, 0	, 0	, 0	, 0	, 0	, 0	, 0	, 0	, 0	, 0	, 0	, 0	, 0	, 0	, 0	, 0	, 0	, 0	, 0	, 0	, 0	, 0	, 0	, 0	, 0	, 0	, 0	}:
{0,	98	, 0	, 0	, 0	, 0	, 0	, 0	, 0	, 0	, 0	, 0	, 0	, 0	, 0	, 0	, 0.0021978	, 0.00498575	, 0.00277393	, 0.00509879	, 0.020235	, 0.162982	, 0.47171	, 0.256847	, 0.0615104	, 0.0142518	, 0.00301023	, 0.00118624	, 0	, 0	, 0	, 0	, 0	, 0	, 0	, 0	, 0	, 0	, 0	, 0	, 0	, 0	, 0	, 0	, 0	, 0	, 0	, 0	, 0	, 0	, 0	, 0	, 0	, 0	, 0	, 0	, 0	, 0	, 0	, 0	, 0	, 0	, 0	, 0	, 0	, 0	, 0	, 0	, 0	, 0	, 0	, 0	, 0	, 0	, 0	, 0	, 0	, 0	, 0	, 0	, 0	, 0	, 0	, 0	, 0	, 0	, 0	, 0	, 0	, 0	, 0	, 0	, 0	, 0	, 0	, 0	, 0	, 0	, 0	, 0	, 0	}:
{0,	98	, 0	, 0	, 0	, 0	, 0	, 0	, 0	, 0	, 0	, 0	, 0	, 0	, 0	, 0	, 0.000732601	, 0.0014245	, 0.00208044	, 0.00191205	, 0.00326371	, 0.0252685	, 0.172918	, 0.465003	, 0.251523	, 0.0623515	, 0.0150512	, 0.0029656	, 0	, 0	, 0	, 0	, 0	, 0	, 0	, 0	, 0	, 0	, 0	, 0	, 0	, 0	, 0	, 0	, 0	, 0	, 0	, 0	, 0	, 0	, 0	, 0	, 0	, 0	, 0	, 0	, 0	, 0	, 0	, 0	, 0	, 0	, 0	, 0	, 0	, 0	, 0	, 0	, 0	, 0	, 0	, 0	, 0	, 0	, 0	, 0	, 0	, 0	, 0	, 0	, 0	, 0	, 0	, 0	, 0	, 0	, 0	, 0	, 0	, 0	, 0	, 0	, 0	, 0	, 0	, 0	, 0	, 0	, 0	, 0	, 0	}:
{0,	98	, 0	, 0	, 0	, 0	, 0	, 0	, 0	, 0	, 0	, 0	, 0	, 0	, 0	, 0	, 0	, 0.0014245	, 0.00208044	, 0.00254939	, 0.00195822	, 0.00379027	, 0.0235219	, 0.174072	, 0.451279	, 0.254157	, 0.0614088	, 0.0136418	, 0.00486914	, 0	, 0	, 0	, 0	, 0	, 0	, 0	, 0	, 0	, 0	, 0	, 0	, 0	, 0	, 0	, 0	, 0	, 0	, 0	, 0	, 0	, 0	, 0	, 0	, 0	, 0	, 0	, 0	, 0	, 0	, 0	, 0	, 0	, 0	, 0	, 0	, 0	, 0	, 0	, 0	, 0	, 0	, 0	, 0	, 0	, 0	, 0	, 0	, 0	, 0	, 0	, 0	, 0	, 0	, 0	, 0	, 0	, 0	, 0	, 0	, 0	, 0	, 0	, 0	, 0	, 0	, 0	, 0	, 0	, 0	, 0	, 0	}:
{0,	98	, 0	, 0	, 0	, 0	, 0	, 0	, 0	, 0	, 0	, 0	, 0	, 0	, 0	, 0	, 0	, 0	, 0.000693481	, 0.00191205	, 0.00587467	, 0.00252685	, 0.00508582	, 0.0231284	, 0.171133	, 0.433492	, 0.271523	, 0.0622776	, 0.0200852	, 0.00230017	, 0.000589275	, 0	, 0	, 0	, 0	, 0	, 0	, 0	, 0	, 0	, 0	, 0	, 0	, 0	, 0	, 0	, 0	, 0	, 0	, 0	, 0	, 0	, 0	, 0	, 0	, 0	, 0	, 0	, 0	, 0	, 0	, 0	, 0	, 0	, 0	, 0	, 0	, 0	, 0	, 0	, 0	, 0	, 0	, 0	, 0	, 0	, 0	, 0	, 0	, 0	, 0	, 0	, 0	, 0	, 0	, 0	, 0	, 0	, 0	, 0	, 0	, 0	, 0	, 0	, 0	, 0	, 0	, 0	, 0	, 0	, 0	}:
{0,	98	, 0	, 0	, 0	, 0	, 0	, 0	, 0	, 0	, 0	, 0	, 0	, 0	, 0	, 0	, 0	, 0	, 0	, 0	, 0.00195822	, 0.00315856	, 0.00317864	, 0.00486914	, 0.0298417	, 0.182304	, 0.429259	, 0.256228	, 0.0663421	, 0.0143761	, 0.0047142	, 0.00126263	, 0	, 0	, 0	, 0	, 0	, 0	, 0	, 0	, 0	, 0	, 0	, 0	, 0	, 0	, 0	, 0	, 0	, 0	, 0	, 0	, 0	, 0	, 0	, 0	, 0	, 0	, 0	, 0	, 0	, 0	, 0	, 0	, 0	, 0	, 0	, 0	, 0	, 0	, 0	, 0	, 0	, 0	, 0	, 0	, 0	, 0	, 0	, 0	, 0	, 0	, 0	, 0	, 0	, 0	, 0	, 0	, 0	, 0	, 0	, 0	, 0	, 0	, 0	, 0	, 0	, 0	, 0	, 0	, 0	}:
{0,	98	, 0	, 0	, 0	, 0	, 0	, 0	, 0	, 0	, 0	, 0	, 0	, 0	, 0	, 0	, 0	, 0	, 0.000693481	, 0	, 0	, 0.00315856	, 0.00254291	, 0.00182593	, 0.00669915	, 0.0350356	, 0.166767	, 0.443654	, 0.247718	, 0.0701553	, 0.0123748	, 0.00441919	, 0.000619579	, 0	, 0	, 0	, 0	, 0	, 0	, 0	, 0	, 0	, 0	, 0	, 0	, 0	, 0	, 0	, 0	, 0	, 0	, 0	, 0	, 0	, 0	, 0	, 0	, 0	, 0	, 0	, 0	, 0	, 0	, 0	, 0	, 0	, 0	, 0	, 0	, 0	, 0	, 0	, 0	, 0	, 0	, 0	, 0	, 0	, 0	, 0	, 0	, 0	, 0	, 0	, 0	, 0	, 0	, 0	, 0	, 0	, 0	, 0	, 0	, 0	, 0	, 0	, 0	, 0	, 0	, 0	, 0	}:
{0,	98	, 0	, 0	, 0	, 0	, 0	, 0	, 0	, 0	, 0	, 0	, 0	, 0	, 0	, 0	, 0	, 0	, 0	, 0	, 0	, 0.00126342	, 0.00190718	, 0.00365186	, 0.00669915	, 0.00415677	, 0.0264901	, 0.169039	, 0.423007	, 0.253019	, 0.0736594	, 0.0157828	, 0	, 0.000636132	, 0	, 0	, 0	, 0	, 0	, 0	, 0	, 0	, 0	, 0	, 0	, 0	, 0	, 0	, 0	, 0	, 0	, 0	, 0	, 0	, 0	, 0	, 0	, 0	, 0	, 0	, 0	, 0	, 0	, 0	, 0	, 0	, 0	, 0	, 0	, 0	, 0	, 0	, 0	, 0	, 0	, 0	, 0	, 0	, 0	, 0	, 0	, 0	, 0	, 0	, 0	, 0	, 0	, 0	, 0	, 0	, 0	, 0	, 0	, 0	, 0	, 0	, 0	, 0	, 0	, 0	, 0	}:
{0,	98	, 0	, 0	, 0	, 0	, 0	, 0	, 0	, 0	, 0	, 0	, 0	, 0	, 0	, 0	, 0	, 0	, 0	, 0	, 0	, 0	, 0.000635728	, 0.00121729	, 0.00548112	, 0.00356295	, 0.00963275	, 0.0332147	, 0.180767	, 0.442208	, 0.25987	, 0.0688131	, 0.0241636	, 0.00572519	, 0.000708215	, 0.000694927	, 0	, 0	, 0	, 0	, 0	, 0	, 0	, 0	, 0	, 0	, 0	, 0	, 0	, 0	, 0	, 0	, 0	, 0	, 0	, 0	, 0	, 0	, 0	, 0	, 0	, 0	, 0	, 0	, 0	, 0	, 0	, 0	, 0	, 0	, 0	, 0	, 0	, 0	, 0	, 0	, 0	, 0	, 0	, 0	, 0	, 0	, 0	, 0	, 0	, 0	, 0	, 0	, 0	, 0	, 0	, 0	, 0	, 0	, 0	, 0	, 0	, 0	, 0	, 0	, 0	}:
{0,	98	, 0	, 0	, 0	, 0	, 0	, 0	, 0	, 0	, 0	, 0	, 0	, 0	, 0	, 0	, 0	, 0	, 0	, 0	, 0	, 0	, 0.000635728	, 0.00121729	, 0.00243605	, 0.00415677	, 0.00602047	, 0.00948992	, 0.0304321	, 0.165612	, 0.420153	, 0.248737	, 0.0743494	, 0.0165394	, 0.00424929	, 0.00208478	, 0	, 0	, 0	, 0	, 0	, 0	, 0	, 0	, 0	, 0	, 0	, 0	, 0	, 0	, 0	, 0	, 0	, 0	, 0	, 0	, 0	, 0	, 0	, 0	, 0	, 0	, 0	, 0	, 0	, 0	, 0	, 0	, 0	, 0	, 0	, 0	, 0	, 0	, 0	, 0	, 0	, 0	, 0	, 0	, 0	, 0	, 0	, 0	, 0	, 0	, 0	, 0	, 0	, 0	, 0	, 0	, 0	, 0	, 0	, 0	, 0	, 0	, 0	, 0	, 0	}:
{0,	98	, 0	, 0	, 0	, 0	, 0	, 0	, 0	, 0	, 0	, 0	, 0	, 0	, 0	, 0	, 0	, 0	, 0	, 0	, 0	, 0	, 0	, 0.000608643	, 0.000609013	, 0.0023753	, 0.00541842	, 0.0029656	, 0.0103469	, 0.026452	, 0.17089	, 0.447601	, 0.245353	, 0.0896947	, 0.0177054	, 0.00486449	, 0.000722022	, 0.000749625	, 0	, 0	, 0	, 0	, 0	, 0	, 0	, 0	, 0	, 0	, 0	, 0	, 0	, 0	, 0	, 0	, 0	, 0	, 0	, 0	, 0	, 0	, 0	, 0	, 0	, 0	, 0	, 0	, 0	, 0	, 0	, 0	, 0	, 0	, 0	, 0	, 0	, 0	, 0	, 0	, 0	, 0	, 0	, 0	, 0	, 0	, 0	, 0	, 0	, 0	, 0	, 0	, 0	, 0	, 0	, 0	, 0	, 0	, 0	, 0	, 0	, 0	, 0	}:
{0,	98	, 0	, 0	, 0	, 0	, 0	, 0	, 0	, 0	, 0	, 0	, 0	, 0	, 0	, 0	, 0	, 0	, 0	, 0	, 0	, 0	, 0.000635728	, 0	, 0	, 0.00178147	, 0.00301023	, 0.0029656	, 0.00608643	, 0.0080506	, 0.0347672	, 0.155303	, 0.415737	, 0.251272	, 0.0729462	, 0.0125087	, 0.00505415	, 0.000749625	, 0	, 0	, 0	, 0	, 0	, 0	, 0	, 0	, 0	, 0	, 0	, 0	, 0	, 0	, 0	, 0	, 0	, 0	, 0	, 0	, 0	, 0	, 0	, 0	, 0	, 0	, 0	, 0	, 0	, 0	, 0	, 0	, 0	, 0	, 0	, 0	, 0	, 0	, 0	, 0	, 0	, 0	, 0	, 0	, 0	, 0	, 0	, 0	, 0	, 0	, 0	, 0	, 0	, 0	, 0	, 0	, 0	, 0	, 0	, 0	, 0	, 0	, 0	}:
{0,	98	, 0	, 0	, 0	, 0	, 0	, 0	, 0	, 0	, 0	, 0	, 0	, 0	, 0	, 0	, 0	, 0	, 0	, 0	, 0	, 0	, 0	, 0	, 0	, 0	, 0.00120409	, 0.00118624	, 0.00547778	, 0.00920069	, 0.0094284	, 0.032197	, 0.173482	, 0.412214	, 0.264164	, 0.0903405	, 0.0245487	, 0.00449775	, 0.00226415	, 0	, 0	, 0	, 0	, 0	, 0	, 0	, 0	, 0	, 0	, 0	, 0	, 0	, 0	, 0	, 0	, 0	, 0	, 0	, 0	, 0	, 0	, 0	, 0	, 0	, 0	, 0	, 0	, 0	, 0	, 0	, 0	, 0	, 0	, 0	, 0	, 0	, 0	, 0	, 0	, 0	, 0	, 0	, 0	, 0	, 0	, 0	, 0	, 0	, 0	, 0	, 0	, 0	, 0	, 0	, 0	, 0	, 0	, 0	, 0	, 0	, 0	}:
{0,	98	, 0	, 0	, 0	, 0	, 0	, 0	, 0	, 0	, 0	, 0	, 0	, 0	, 0	, 0	, 0	, 0	, 0	, 0	, 0	, 0	, 0	, 0	, 0	, 0	, 0.000602047	, 0.00059312	, 0.00182593	, 0.00575043	, 0.00589275	, 0.00883838	, 0.0390335	, 0.167939	, 0.398725	, 0.248089	, 0.0700361	, 0.0247376	, 0.00679245	, 0.00405186	, 0	, 0	, 0	, 0	, 0	, 0	, 0	, 0	, 0	, 0	, 0	, 0	, 0	, 0	, 0	, 0	, 0	, 0	, 0	, 0	, 0	, 0	, 0	, 0	, 0	, 0	, 0	, 0	, 0	, 0	, 0	, 0	, 0	, 0	, 0	, 0	, 0	, 0	, 0	, 0	, 0	, 0	, 0	, 0	, 0	, 0	, 0	, 0	, 0	, 0	, 0	, 0	, 0	, 0	, 0	, 0	, 0	, 0	, 0	, 0	, 0	}:
{0,	98	, 0	, 0	, 0	, 0	, 0	, 0	, 0	, 0	, 0	, 0	, 0	, 0	, 0	, 0	, 0	, 0	, 0	, 0	, 0	, 0	, 0	, 0	, 0.000609013	, 0	, 0	, 0.00059312	, 0.00243457	, 0.00230017	, 0.00294638	, 0.00694444	, 0.011772	, 0.0298982	, 0.17068	, 0.393329	, 0.254874	, 0.0869565	, 0.0309434	, 0.0089141	, 0.00171527	, 0	, 0	, 0	, 0	, 0	, 0	, 0	, 0	, 0	, 0	, 0	, 0	, 0	, 0	, 0	, 0	, 0	, 0	, 0	, 0	, 0	, 0	, 0	, 0	, 0	, 0	, 0	, 0	, 0	, 0	, 0	, 0	, 0	, 0	, 0	, 0	, 0	, 0	, 0	, 0	, 0	, 0	, 0	, 0	, 0	, 0	, 0	, 0	, 0	, 0	, 0	, 0	, 0	, 0	, 0	, 0	, 0	, 0	, 0	, 0	}:
{0,	98	, 0	, 0	, 0	, 0	, 0	, 0	, 0	, 0	, 0	, 0	, 0	, 0	, 0	, 0	, 0	, 0	, 0	, 0	, 0	, 0	, 0	, 0	, 0	, 0	, 0	, 0	, 0	, 0.000575043	, 0.00353565	, 0.00441919	, 0.00495663	, 0.00763359	, 0.0446176	, 0.191105	, 0.422383	, 0.23988	, 0.0890566	, 0.028363	, 0.0051458	, 0.00306748	, 0.00106157	, 0	, 0	, 0	, 0	, 0	, 0	, 0	, 0	, 0	, 0	, 0	, 0	, 0	, 0	, 0	, 0	, 0	, 0	, 0	, 0	, 0	, 0	, 0	, 0	, 0	, 0	, 0	, 0	, 0	, 0	, 0	, 0	, 0	, 0	, 0	, 0	, 0	, 0	, 0	, 0	, 0	, 0	, 0	, 0	, 0	, 0	, 0	, 0	, 0	, 0	, 0	, 0	, 0	, 0	, 0	, 0	, 0	, 0	}:
{0,	98	, 0	, 0	, 0	, 0	, 0	, 0	, 0	, 0	, 0	, 0	, 0	, 0	, 0	, 0	, 0	, 0	, 0	, 0	, 0	, 0	, 0	, 0	, 0	, 0	, 0	, 0	, 0.000608643	, 0	, 0.000589275	, 0.00189394	, 0.00681537	, 0.00508906	, 0.0092068	, 0.0326616	, 0.168231	, 0.394303	, 0.255094	, 0.0818476	, 0.0214408	, 0.00920245	, 0.00106157	, 0.00229885	, 0	, 0	, 0	, 0	, 0	, 0	, 0	, 0	, 0	, 0	, 0	, 0	, 0	, 0	, 0	, 0	, 0	, 0	, 0	, 0	, 0	, 0	, 0	, 0	, 0	, 0	, 0	, 0	, 0	, 0	, 0	, 0	, 0	, 0	, 0	, 0	, 0	, 0	, 0	, 0	, 0	, 0	, 0	, 0	, 0	, 0	, 0	, 0	, 0	, 0	, 0	, 0	, 0	, 0	, 0	, 0	, 0	}:
{0,	98	, 0	, 0	, 0	, 0	, 0	, 0	, 0	, 0	, 0	, 0	, 0	, 0	, 0	, 0	, 0	, 0	, 0	, 0	, 0	, 0	, 0	, 0	, 0	, 0	, 0	, 0	, 0	, 0	, 0.000589275	, 0.000631313	, 0.00247831	, 0.00699746	, 0.00637394	, 0.0118138	, 0.033213	, 0.173913	, 0.380377	, 0.244733	, 0.093482	, 0.0255624	, 0.00849257	, 0.00114943	, 0.0013459	, 0	, 0	, 0	, 0	, 0	, 0	, 0	, 0	, 0	, 0	, 0	, 0	, 0	, 0	, 0	, 0	, 0	, 0	, 0	, 0	, 0	, 0	, 0	, 0	, 0	, 0	, 0	, 0	, 0	, 0	, 0	, 0	, 0	, 0	, 0	, 0	, 0	, 0	, 0	, 0	, 0	, 0	, 0	, 0	, 0	, 0	, 0	, 0	, 0	, 0	, 0	, 0	, 0	, 0	, 0	, 0	}:
{0,	98	, 0	, 0	, 0	, 0	, 0	, 0	, 0	, 0	, 0	, 0	, 0	, 0	, 0	, 0	, 0	, 0	, 0	, 0	, 0	, 0	, 0	, 0	, 0	, 0	, 0	, 0	, 0	, 0	, 0	, 0.00252525	, 0	, 0.00318066	, 0.00424929	, 0.00347464	, 0.00722022	, 0.0487256	, 0.17434	, 0.383306	, 0.222985	, 0.0777096	, 0.0191083	, 0.0103448	, 0.00269179	, 0	, 0	, 0	, 0	, 0	, 0	, 0	, 0	, 0	, 0	, 0	, 0	, 0	, 0	, 0	, 0	, 0	, 0	, 0	, 0	, 0	, 0	, 0	, 0	, 0	, 0	, 0	, 0	, 0	, 0	, 0	, 0	, 0	, 0	, 0	, 0	, 0	, 0	, 0	, 0	, 0	, 0	, 0	, 0	, 0	, 0	, 0	, 0	, 0	, 0	, 0	, 0	, 0	, 0	, 0	, 0	}:
{0,	98	, 0	, 0	, 0	, 0	, 0	, 0	, 0	, 0	, 0	, 0	, 0	, 0	, 0	, 0	, 0	, 0	, 0	, 0	, 0	, 0	, 0	, 0	, 0	, 0	, 0	, 0	, 0	, 0	, 0	, 0.000631313	, 0.000619579	, 0.000636132	, 0.00566572	, 0.00555942	, 0.00794224	, 0.0112444	, 0.0362264	, 0.187196	, 0.414237	, 0.239264	, 0.0859873	, 0.0264368	, 0.00942127	, 0.00452489	, 0	, 0	, 0	, 0	, 0	, 0	, 0	, 0	, 0	, 0	, 0	, 0	, 0	, 0	, 0	, 0	, 0	, 0	, 0	, 0	, 0	, 0	, 0	, 0	, 0	, 0	, 0	, 0	, 0	, 0	, 0	, 0	, 0	, 0	, 0	, 0	, 0	, 0	, 0	, 0	, 0	, 0	, 0	, 0	, 0	, 0	, 0	, 0	, 0	, 0	, 0	, 0	, 0	, 0	, 0	}:
{0,	98	, 0	, 0	, 0	, 0	, 0	, 0	, 0	, 0	, 0	, 0	, 0	, 0	, 0	, 0	, 0	, 0	, 0	, 0	, 0	, 0	, 0	, 0	, 0	, 0	, 0	, 0	, 0	, 0	, 0	, 0	, 0.000619579	, 0.0019084	, 0	, 0.00208478	, 0.00361011	, 0.00749625	, 0.0143396	, 0.0388979	, 0.185249	, 0.40184	, 0.225053	, 0.0896552	, 0.0228802	, 0.00754148	, 0.0021645	, 0	, 0	, 0	, 0	, 0	, 0	, 0	, 0	, 0	, 0	, 0	, 0	, 0	, 0	, 0	, 0	, 0	, 0	, 0	, 0	, 0	, 0	, 0	, 0	, 0	, 0	, 0	, 0	, 0	, 0	, 0	, 0	, 0	, 0	, 0	, 0	, 0	, 0	, 0	, 0	, 0	, 0	, 0	, 0	, 0	, 0	, 0	, 0	, 0	, 0	, 0	, 0	, 0	, 0	}:
{0,	98	, 0	, 0	, 0	, 0	, 0	, 0	, 0	, 0	, 0	, 0	, 0	, 0	, 0	, 0	, 0	, 0	, 0	, 0	, 0	, 0	, 0	, 0	, 0	, 0	, 0	, 0	, 0	, 0	, 0	, 0	, 0	, 0	, 0.000708215	, 0.000694927	, 0.00216606	, 0.00374813	, 0.00226415	, 0.00972447	, 0.0437393	, 0.183027	, 0.417197	, 0.245977	, 0.0726783	, 0.0165913	, 0.0108225	, 0.153846	, 0	, 0	, 0	, 0	, 0	, 0	, 0	, 0	, 0	, 0	, 0	, 0	, 0	, 0	, 0	, 0	, 0	, 0	, 0	, 0	, 0	, 0	, 0	, 0	, 0	, 0	, 0	, 0	, 0	, 0	, 0	, 0	, 0	, 0	, 0	, 0	, 0	, 0	, 0	, 0	, 0	, 0	, 0	, 0	, 0	, 0	, 0	, 0	, 0	, 0	, 0	, 0	, 0	}:
{0,	98	, 0	, 0	, 0	, 0	, 0	, 0	, 0	, 0	, 0	, 0	, 0	, 0	, 0	, 0	, 0	, 0	, 0	, 0	, 0	, 0	, 0	, 0	, 0	, 0	, 0	, 0	, 0	, 0	, 0	, 0	, 0	, 0.000636132	, 0	, 0	, 0	, 0.000749625	, 0.00226415	, 0.00405186	, 0.0051458	, 0.0439673	, 0.194268	, 0.375862	, 0.258412	, 0.101056	, 0.0367965	, 0	, 0	, 0	, 0	, 0	, 0	, 0	, 0	, 0	, 0	, 0	, 0	, 0	, 0	, 0	, 0	, 0	, 0	, 0	, 0	, 0	, 0	, 0	, 0	, 0	, 0	, 0	, 0	, 0	, 0	, 0	, 0	, 0	, 0	, 0	, 0	, 0	, 0	, 0	, 0	, 0	, 0	, 0	, 0	, 0	, 0	, 0	, 0	, 0	, 0	, 0	, 0	, 0	, 0	}:
{0,	98	, 0	, 0	, 0	, 0	, 0	, 0	, 0	, 0	, 0	, 0	, 0	, 0	, 0	, 0	, 0	, 0	, 0	, 0	, 0	, 0	, 0	, 0	, 0	, 0	, 0	, 0	, 0	, 0	, 0	, 0	, 0	, 0	, 0	, 0.000694927	, 0	, 0.00149925	, 0.0045283	, 0.00405186	, 0.00343053	, 0.00817996	, 0.037155	, 0.198851	, 0.393001	, 0.227753	, 0.0952381	, 0	, 0	, 0	, 0	, 0	, 0	, 0	, 0	, 0	, 0	, 0	, 0	, 0	, 0	, 0	, 0	, 0	, 0	, 0	, 0	, 0	, 0	, 0	, 0	, 0	, 0	, 0	, 0	, 0	, 0	, 0	, 0	, 0	, 0	, 0	, 0	, 0	, 0	, 0	, 0	, 0	, 0	, 0	, 0	, 0	, 0	, 0	, 0	, 0	, 0	, 0	, 0	, 0	, 0	}:
{0,	98	, 0	, 0	, 0	, 0	, 0	, 0	, 0	, 0	, 0	, 0	, 0	, 0	, 0	, 0	, 0	, 0	, 0	, 0	, 0	, 0	, 0	, 0	, 0	, 0	, 0	, 0	, 0	, 0	, 0	, 0	, 0	, 0	, 0	, 0	, 0	, 0.000749625	, 0.00150943	, 0.00405186	, 0.000857633	, 0.00715746	, 0.00849257	, 0.0356322	, 0.192463	, 0.413273	, 0.274892	, 0.230769	, 0	, 0	, 0	, 0	, 0	, 0	, 0	, 0	, 0	, 0	, 0	, 0	, 0	, 0	, 0	, 0	, 0	, 0	, 0	, 0	, 0	, 0	, 0	, 0	, 0	, 0	, 0	, 0	, 0	, 0	, 0	, 0	, 0	, 0	, 0	, 0	, 0	, 0	, 0	, 0	, 0	, 0	, 0	, 0	, 0	, 0	, 0	, 0	, 0	, 0	, 0	, 0	, 0	}:
{0,	98	, 0	, 0	, 0	, 0	, 0	, 0	, 0	, 0	, 0	, 0	, 0	, 0	, 0	, 0	, 0	, 0	, 0	, 0	, 0	, 0	, 0	, 0	, 0	, 0	, 0	, 0	, 0	, 0	, 0	, 0	, 0	, 0	, 0	, 0	, 0	, 0	, 0	, 0.000810373	, 0.00171527	, 0.00102249	, 0.00212314	, 0.0103448	, 0.039031	, 0.179487	, 0.359307	, 0.153846	, 0	, 0	, 0	, 0	, 0	, 0	, 0	, 0	, 0	, 0	, 0	, 0	, 0	, 0	, 0	, 0	, 0	, 0	, 0	, 0	, 0	, 0	, 0	, 0	, 0	, 0	, 0	, 0	, 0	, 0	, 0	, 0	, 0	, 0	, 0	, 0	, 0	, 0	, 0	, 0	, 0	, 0	, 0	, 0	, 0	, 0	, 0	, 0	, 0	, 0	, 0	, 0	, 0	}:
{0,	98	, 0	, 0	, 0	, 0	, 0	, 0	, 0	, 0	, 0	, 0	, 0	, 0	, 0	, 0	, 0	, 0	, 0	, 0	, 0	, 0	, 0	, 0	, 0	, 0	, 0	, 0	, 0	, 0	, 0	, 0	, 0	, 0	, 0	, 0	, 0	, 0	, 0	, 0	, 0	, 0	, 0	, 0.00344828	, 0.00672948	, 0.0377074	, 0.166667	, 0.307692	, 0	, 0	, 0	, 0	, 0	, 0	, 0	, 0	, 0	, 0	, 0	, 0	, 0	, 0	, 0	, 0	, 0	, 0	, 0	, 0	, 0	, 0	, 0	, 0	, 0	, 0	, 0	, 0	, 0	, 0	, 0	, 0	, 0	, 0	, 0	, 0	, 0	, 0	, 0	, 0	, 0	, 0	, 0	, 0	, 0	, 0	, 0	, 0	, 0	, 0	, 0	, 0	, 0	}:
{0,	98	, 0	, 0	, 0	, 0	, 0	, 0	, 0	, 0	, 0	, 0	, 0	, 0	, 0	, 0	, 0	, 0	, 0	, 0	, 0	, 0	, 0	, 0	, 0	, 0	, 0	, 0	, 0	, 0	, 0	, 0	, 0	, 0	, 0	, 0	, 0	, 0	, 0	, 0	, 0.000857633	, 0	, 0	, 0	, 0.0013459	, 0.00904977	, 0.0367965	, 0.153846	, 0	, 0	, 0	, 0	, 0	, 0	, 0	, 0	, 0	, 0	, 0	, 0	, 0	, 0	, 0	, 0	, 0	, 0	, 0	, 0	, 0	, 0	, 0	, 0	, 0	, 0	, 0	, 0	, 0	, 0	, 0	, 0	, 0	, 0	, 0	, 0	, 0	, 0	, 0	, 0	, 0	, 0	, 0	, 0	, 0	, 0	, 0	, 0	, 0	, 0	, 0	, 0	, 0	}:
{0,	98	, 0	, 0	, 0	, 0	, 0	, 0	, 0	, 0	, 0	, 0	, 0	, 0	, 0	, 0	, 0	, 0	, 0	, 0	, 0	, 0	, 0	, 0	, 0	, 0	, 0	, 0	, 0	, 0	, 0	, 0	, 0	, 0	, 0	, 0	, 0	, 0	, 0	, 0	, 0	, 0	, 0	, 0	, 0	, 0.00301659	, 0.017316	, 0	, 0	, 0	, 0	, 0	, 0	, 0	, 0	, 0	, 0	, 0	, 0	, 0	, 0	, 0	, 0	, 0	, 0	, 0	, 0	, 0	, 0	, 0	, 0	, 0	, 0	, 0	, 0	, 0	, 0	, 0	, 0	, 0	, 0	, 0	, 0	, 0	, 0	, 0	, 0	, 0	, 0	, 0	, 0	, 0	, 0	, 0	, 0	, 0	, 0	, 0	, 0	, 0	, 0	}:
{0,	98	, 0	, 0	, 0	, 0	, 0	, 0	, 0	, 0	, 0	, 0	, 0	, 0	, 0	, 0	, 0	, 0	, 0	, 0	, 0	, 0	, 0	, 0	, 0	, 0	, 0	, 0	, 0	, 0	, 0	, 0	, 0	, 0	, 0	, 0	, 0	, 0	, 0	, 0	, 0	, 0	, 0	, 0	, 0	, 0	, 0	, 0	, 0	, 0	, 0	, 0	, 0	, 0	, 0	, 0	, 0	, 0	, 0	, 0	, 0	, 0	, 0	, 0	, 0	, 0	, 0	, 0	, 0	, 0	, 0	, 0	, 0	, 0	, 0	, 0	, 0	, 0	, 0	, 0	, 0	, 0	, 0	, 0	, 0	, 0	, 0	, 0	, 0	, 0	, 0	, 0	, 0	, 0	, 0	, 0	, 0	, 0	, 0	, 0	, 0	}:
{0,	98	, 0	, 0	, 0	, 0	, 0	, 0	, 0	, 0	, 0	, 0	, 0	, 0	, 0	, 0	, 0	, 0	, 0	, 0	, 0	, 0	, 0	, 0	, 0	, 0	, 0	, 0	, 0	, 0	, 0	, 0	, 0	, 0	, 0	, 0	, 0	, 0	, 0	, 0	, 0	, 0	, 0	, 0	, 0	, 0	, 0	, 0	, 0	, 0	, 0	, 0	, 0	, 0	, 0	, 0	, 0	, 0	, 0	, 0	, 0	, 0	, 0	, 0	, 0	, 0	, 0	, 0	, 0	, 0	, 0	, 0	, 0	, 0	, 0	, 0	, 0	, 0	, 0	, 0	, 0	, 0	, 0	, 0	, 0	, 0	, 0	, 0	, 0	, 0	, 0	, 0	, 0	, 0	, 0	, 0	, 0	, 0	, 0	, 0	, 0	}:
{0,	98	, 0	, 0	, 0	, 0	, 0	, 0	, 0	, 0	, 0	, 0	, 0	, 0	, 0	, 0	, 0	, 0	, 0	, 0	, 0	, 0	, 0	, 0	, 0	, 0	, 0	, 0	, 0	, 0	, 0	, 0	, 0	, 0	, 0	, 0	, 0	, 0	, 0	, 0	, 0	, 0	, 0	, 0	, 0	, 0	, 0	, 0	, 0	, 0	, 0	, 0	, 0	, 0	, 0	, 0	, 0	, 0	, 0	, 0	, 0	, 0	, 0	, 0	, 0	, 0	, 0	, 0	, 0	, 0	, 0	, 0	, 0	, 0	, 0	, 0	, 0	, 0	, 0	, 0	, 0	, 0	, 0	, 0	, 0	, 0	, 0	, 0	, 0	, 0	, 0	, 0	, 0	, 0	, 0	, 0	, 0	, 0	, 0	, 0	, 0	}:
{0,	98	, 0	, 0	, 0	, 0	, 0	, 0	, 0	, 0	, 0	, 0	, 0	, 0	, 0	, 0	, 0	, 0	, 0	, 0	, 0	, 0	, 0	, 0	, 0	, 0	, 0	, 0	, 0	, 0	, 0	, 0	, 0	, 0	, 0	, 0	, 0	, 0	, 0	, 0	, 0	, 0	, 0	, 0	, 0	, 0	, 0	, 0	, 0	, 0	, 0	, 0	, 0	, 0	, 0	, 0	, 0	, 0	, 0	, 0	, 0	, 0	, 0	, 0	, 0	, 0	, 0	, 0	, 0	, 0	, 0	, 0	, 0	, 0	, 0	, 0	, 0	, 0	, 0	, 0	, 0	, 0	, 0	, 0	, 0	, 0	, 0	, 0	, 0	, 0	, 0	, 0	, 0	, 0	, 0	, 0	, 0	, 0	, 0	, 0	, 0	}:
{0,	98	, 0	, 0	, 0	, 0	, 0	, 0	, 0	, 0	, 0	, 0	, 0	, 0	, 0	, 0	, 0	, 0	, 0	, 0	, 0	, 0	, 0	, 0	, 0	, 0	, 0	, 0	, 0	, 0	, 0	, 0	, 0	, 0	, 0	, 0	, 0	, 0	, 0	, 0	, 0	, 0	, 0	, 0	, 0	, 0	, 0	, 0	, 0	, 0	, 0	, 0	, 0	, 0	, 0	, 0	, 0	, 0	, 0	, 0	, 0	, 0	, 0	, 0	, 0	, 0	, 0	, 0	, 0	, 0	, 0	, 0	, 0	, 0	, 0	, 0	, 0	, 0	, 0	, 0	, 0	, 0	, 0	, 0	, 0	, 0	, 0	, 0	, 0	, 0	, 0	, 0	, 0	, 0	, 0	, 0	, 0	, 0	, 0	, 0	, 0	}:
{0,	98	, 0	, 0	, 0	, 0	, 0	, 0	, 0	, 0	, 0	, 0	, 0	, 0	, 0	, 0	, 0	, 0	, 0	, 0	, 0	, 0	, 0	, 0	, 0	, 0	, 0	, 0	, 0	, 0	, 0	, 0	, 0	, 0	, 0	, 0	, 0	, 0	, 0	, 0	, 0	, 0	, 0	, 0	, 0	, 0	, 0	, 0	, 0	, 0	, 0	, 0	, 0	, 0	, 0	, 0	, 0	, 0	, 0	, 0	, 0	, 0	, 0	, 0	, 0	, 0	, 0	, 0	, 0	, 0	, 0	, 0	, 0	, 0	, 0	, 0	, 0	, 0	, 0	, 0	, 0	, 0	, 0	, 0	, 0	, 0	, 0	, 0	, 0	, 0	, 0	, 0	, 0	, 0	, 0	, 0	, 0	, 0	, 0	, 0	, 0	}:
{0,	98	, 0	, 0	, 0	, 0	, 0	, 0	, 0	, 0	, 0	, 0	, 0	, 0	, 0	, 0	, 0	, 0	, 0	, 0	, 0	, 0	, 0	, 0	, 0	, 0	, 0	, 0	, 0	, 0	, 0	, 0	, 0	, 0	, 0	, 0	, 0	, 0	, 0	, 0	, 0	, 0	, 0	, 0	, 0	, 0	, 0	, 0	, 0	, 0	, 0	, 0	, 0	, 0	, 0	, 0	, 0	, 0	, 0	, 0	, 0	, 0	, 0	, 0	, 0	, 0	, 0	, 0	, 0	, 0	, 0	, 0	, 0	, 0	, 0	, 0	, 0	, 0	, 0	, 0	, 0	, 0	, 0	, 0	, 0	, 0	, 0	, 0	, 0	, 0	, 0	, 0	, 0	, 0	, 0	, 0	, 0	, 0	, 0	, 0	, 0	}:
{0,	98	, 0	, 0	, 0	, 0	, 0	, 0	, 0	, 0	, 0	, 0	, 0	, 0	, 0	, 0	, 0	, 0	, 0	, 0	, 0	, 0	, 0	, 0	, 0	, 0	, 0	, 0	, 0	, 0	, 0	, 0	, 0	, 0	, 0	, 0	, 0	, 0	, 0	, 0	, 0	, 0	, 0	, 0	, 0	, 0	, 0	, 0	, 0	, 0	, 0	, 0	, 0	, 0	, 0	, 0	, 0	, 0	, 0	, 0	, 0	, 0	, 0	, 0	, 0	, 0	, 0	, 0	, 0	, 0	, 0	, 0	, 0	, 0	, 0	, 0	, 0	, 0	, 0	, 0	, 0	, 0	, 0	, 0	, 0	, 0	, 0	, 0	, 0	, 0	, 0	, 0	, 0	, 0	, 0	, 0	, 0	, 0	, 0	, 0	, 0	}:
{0,	98	, 0	, 0	, 0	, 0	, 0	, 0	, 0	, 0	, 0	, 0	, 0	, 0	, 0	, 0	, 0	, 0	, 0	, 0	, 0	, 0	, 0	, 0	, 0	, 0	, 0	, 0	, 0	, 0	, 0	, 0	, 0	, 0	, 0	, 0	, 0	, 0	, 0	, 0	, 0	, 0	, 0	, 0	, 0	, 0	, 0	, 0	, 0	, 0	, 0	, 0	, 0	, 0	, 0	, 0	, 0	, 0	, 0	, 0	, 0	, 0	, 0	, 0	, 0	, 0	, 0	, 0	, 0	, 0	, 0	, 0	, 0	, 0	, 0	, 0	, 0	, 0	, 0	, 0	, 0	, 0	, 0	, 0	, 0	, 0	, 0	, 0	, 0	, 0	, 0	, 0	, 0	, 0	, 0	, 0	, 0	, 0	, 0	, 0	, 0	}:
{0,	98	, 0	, 0	, 0	, 0	, 0	, 0	, 0	, 0	, 0	, 0	, 0	, 0	, 0	, 0	, 0	, 0	, 0	, 0	, 0	, 0	, 0	, 0	, 0	, 0	, 0	, 0	, 0	, 0	, 0	, 0	, 0	, 0	, 0	, 0	, 0	, 0	, 0	, 0	, 0	, 0	, 0	, 0	, 0	, 0	, 0	, 0	, 0	, 0	, 0	, 0	, 0	, 0	, 0	, 0	, 0	, 0	, 0	, 0	, 0	, 0	, 0	, 0	, 0	, 0	, 0	, 0	, 0	, 0	, 0	, 0	, 0	, 0	, 0	, 0	, 0	, 0	, 0	, 0	, 0	, 0	, 0	, 0	, 0	, 0	, 0	, 0	, 0	, 0	, 0	, 0	, 0	, 0	, 0	, 0	, 0	, 0	, 0	, 0	, 0	}:
{0,	98	, 0	, 0	, 0	, 0	, 0	, 0	, 0	, 0	, 0	, 0	, 0	, 0	, 0	, 0	, 0	, 0	, 0	, 0	, 0	, 0	, 0	, 0	, 0	, 0	, 0	, 0	, 0	, 0	, 0	, 0	, 0	, 0	, 0	, 0	, 0	, 0	, 0	, 0	, 0	, 0	, 0	, 0	, 0	, 0	, 0	, 0	, 0	, 0	, 0	, 0	, 0	, 0	, 0	, 0	, 0	, 0	, 0	, 0	, 0	, 0	, 0	, 0	, 0	, 0	, 0	, 0	, 0	, 0	, 0	, 0	, 0	, 0	, 0	, 0	, 0	, 0	, 0	, 0	, 0	, 0	, 0	, 0	, 0	, 0	, 0	, 0	, 0	, 0	, 0	, 0	, 0	, 0	, 0	, 0	, 0	, 0	, 0	, 0	, 0	}:
{0,	98	, 0	, 0	, 0	, 0	, 0	, 0	, 0	, 0	, 0	, 0	, 0	, 0	, 0	, 0	, 0	, 0	, 0	, 0	, 0	, 0	, 0	, 0	, 0	, 0	, 0	, 0	, 0	, 0	, 0	, 0	, 0	, 0	, 0	, 0	, 0	, 0	, 0	, 0	, 0	, 0	, 0	, 0	, 0	, 0	, 0	, 0	, 0	, 0	, 0	, 0	, 0	, 0	, 0	, 0	, 0	, 0	, 0	, 0	, 0	, 0	, 0	, 0	, 0	, 0	, 0	, 0	, 0	, 0	, 0	, 0	, 0	, 0	, 0	, 0	, 0	, 0	, 0	, 0	, 0	, 0	, 0	, 0	, 0	, 0	, 0	, 0	, 0	, 0	, 0	, 0	, 0	, 0	, 0	, 0	, 0	, 0	, 0	, 0	, 0	}:
{0,	98	, 0	, 0	, 0	, 0	, 0	, 0	, 0	, 0	, 0	, 0	, 0	, 0	, 0	, 0	, 0	, 0	, 0	, 0	, 0	, 0	, 0	, 0	, 0	, 0	, 0	, 0	, 0	, 0	, 0	, 0	, 0	, 0	, 0	, 0	, 0	, 0	, 0	, 0	, 0	, 0	, 0	, 0	, 0	, 0	, 0	, 0	, 0	, 0	, 0	, 0	, 0	, 0	, 0	, 0	, 0	, 0	, 0	, 0	, 0	, 0	, 0	, 0	, 0	, 0	, 0	, 0	, 0	, 0	, 0	, 0	, 0	, 0	, 0	, 0	, 0	, 0	, 0	, 0	, 0	, 0	, 0	, 0	, 0	, 0	, 0	, 0	, 0	, 0	, 0	, 0	, 0	, 0	, 0	, 0	, 0	, 0	, 0	, 0	, 0	}:
{0,	98	, 0	, 0	, 0	, 0	, 0	, 0	, 0	, 0	, 0	, 0	, 0	, 0	, 0	, 0	, 0	, 0	, 0	, 0	, 0	, 0	, 0	, 0	, 0	, 0	, 0	, 0	, 0	, 0	, 0	, 0	, 0	, 0	, 0	, 0	, 0	, 0	, 0	, 0	, 0	, 0	, 0	, 0	, 0	, 0	, 0	, 0	, 0	, 0	, 0	, 0	, 0	, 0	, 0	, 0	, 0	, 0	, 0	, 0	, 0	, 0	, 0	, 0	, 0	, 0	, 0	, 0	, 0	, 0	, 0	, 0	, 0	, 0	, 0	, 0	, 0	, 0	, 0	, 0	, 0	, 0	, 0	, 0	, 0	, 0	, 0	, 0	, 0	, 0	, 0	, 0	, 0	, 0	, 0	, 0	, 0	, 0	, 0	, 0	, 0	}:
{0,	98	, 0	, 0	, 0	, 0	, 0	, 0	, 0	, 0	, 0	, 0	, 0	, 0	, 0	, 0	, 0	, 0	, 0	, 0	, 0	, 0	, 0	, 0	, 0	, 0	, 0	, 0	, 0	, 0	, 0	, 0	, 0	, 0	, 0	, 0	, 0	, 0	, 0	, 0	, 0	, 0	, 0	, 0	, 0	, 0	, 0	, 0	, 0	, 0	, 0	, 0	, 0	, 0	, 0	, 0	, 0	, 0	, 0	, 0	, 0	, 0	, 0	, 0	, 0	, 0	, 0	, 0	, 0	, 0	, 0	, 0	, 0	, 0	, 0	, 0	, 0	, 0	, 0	, 0	, 0	, 0	, 0	, 0	, 0	, 0	, 0	, 0	, 0	, 0	, 0	, 0	, 0	, 0	, 0	, 0	, 0	, 0	, 0	, 0	, 0	}:
{0,	98	, 0	, 0	, 0	, 0	, 0	, 0	, 0	, 0	, 0	, 0	, 0	, 0	, 0	, 0	, 0	, 0	, 0	, 0	, 0	, 0	, 0	, 0	, 0	, 0	, 0	, 0	, 0	, 0	, 0	, 0	, 0	, 0	, 0	, 0	, 0	, 0	, 0	, 0	, 0	, 0	, 0	, 0	, 0	, 0	, 0	, 0	, 0	, 0	, 0	, 0	, 0	, 0	, 0	, 0	, 0	, 0	, 0	, 0	, 0	, 0	, 0	, 0	, 0	, 0	, 0	, 0	, 0	, 0	, 0	, 0	, 0	, 0	, 0	, 0	, 0	, 0	, 0	, 0	, 0	, 0	, 0	, 0	, 0	, 0	, 0	, 0	, 0	, 0	, 0	, 0	, 0	, 0	, 0	, 0	, 0	, 0	, 0	, 0	, 0	}:
{0,	98	, 0	, 0	, 0	, 0	, 0	, 0	, 0	, 0	, 0	, 0	, 0	, 0	, 0	, 0	, 0	, 0	, 0	, 0	, 0	, 0	, 0	, 0	, 0	, 0	, 0	, 0	, 0	, 0	, 0	, 0	, 0	, 0	, 0	, 0	, 0	, 0	, 0	, 0	, 0	, 0	, 0	, 0	, 0	, 0	, 0	, 0	, 0	, 0	, 0	, 0	, 0	, 0	, 0	, 0	, 0	, 0	, 0	, 0	, 0	, 0	, 0	, 0	, 0	, 0	, 0	, 0	, 0	, 0	, 0	, 0	, 0	, 0	, 0	, 0	, 0	, 0	, 0	, 0	, 0	, 0	, 0	, 0	, 0	, 0	, 0	, 0	, 0	, 0	, 0	, 0	, 0	, 0	, 0	, 0	, 0	, 0	, 0	, 0	, 0	}:
{0,	98	, 0	, 0	, 0	, 0	, 0	, 0	, 0	, 0	, 0	, 0	, 0	, 0	, 0	, 0	, 0	, 0	, 0	, 0	, 0	, 0	, 0	, 0	, 0	, 0	, 0	, 0	, 0	, 0	, 0	, 0	, 0	, 0	, 0	, 0	, 0	, 0	, 0	, 0	, 0	, 0	, 0	, 0	, 0	, 0	, 0	, 0	, 0	, 0	, 0	, 0	, 0	, 0	, 0	, 0	, 0	, 0	, 0	, 0	, 0	, 0	, 0	, 0	, 0	, 0	, 0	, 0	, 0	, 0	, 0	, 0	, 0	, 0	, 0	, 0	, 0	, 0	, 0	, 0	, 0	, 0	, 0	, 0	, 0	, 0	, 0	, 0	, 0	, 0	, 0	, 0	, 0	, 0	, 0	, 0	, 0	, 0	, 0	, 0	, 0	}:
{0,	98	, 0	, 0	, 0	, 0	, 0	, 0	, 0	, 0	, 0	, 0	, 0	, 0	, 0	, 0	, 0	, 0	, 0	, 0	, 0	, 0	, 0	, 0	, 0	, 0	, 0	, 0	, 0	, 0	, 0	, 0	, 0	, 0	, 0	, 0	, 0	, 0	, 0	, 0	, 0	, 0	, 0	, 0	, 0	, 0	, 0	, 0	, 0	, 0	, 0	, 0	, 0	, 0	, 0	, 0	, 0	, 0	, 0	, 0	, 0	, 0	, 0	, 0	, 0	, 0	, 0	, 0	, 0	, 0	, 0	, 0	, 0	, 0	, 0	, 0	, 0	, 0	, 0	, 0	, 0	, 0	, 0	, 0	, 0	, 0	, 0	, 0	, 0	, 0	, 0	, 0	, 0	, 0	, 0	, 0	, 0	, 0	, 0	, 0	, 0	}:
{0,	98	, 0	, 0	, 0	, 0	, 0	, 0	, 0	, 0	, 0	, 0	, 0	, 0	, 0	, 0	, 0	, 0	, 0	, 0	, 0	, 0	, 0	, 0	, 0	, 0	, 0	, 0	, 0	, 0	, 0	, 0	, 0	, 0	, 0	, 0	, 0	, 0	, 0	, 0	, 0	, 0	, 0	, 0	, 0	, 0	, 0	, 0	, 0	, 0	, 0	, 0	, 0	, 0	, 0	, 0	, 0	, 0	, 0	, 0	, 0	, 0	, 0	, 0	, 0	, 0	, 0	, 0	, 0	, 0	, 0	, 0	, 0	, 0	, 0	, 0	, 0	, 0	, 0	, 0	, 0	, 0	, 0	, 0	, 0	, 0	, 0	, 0	, 0	, 0	, 0	, 0	, 0	, 0	, 0	, 0	, 0	, 0	, 0	, 0	, 0	}:
{0,	98	, 0	, 0	, 0	, 0	, 0	, 0	, 0	, 0	, 0	, 0	, 0	, 0	, 0	, 0	, 0	, 0	, 0	, 0	, 0	, 0	, 0	, 0	, 0	, 0	, 0	, 0	, 0	, 0	, 0	, 0	, 0	, 0	, 0	, 0	, 0	, 0	, 0	, 0	, 0	, 0	, 0	, 0	, 0	, 0	, 0	, 0	, 0	, 0	, 0	, 0	, 0	, 0	, 0	, 0	, 0	, 0	, 0	, 0	, 0	, 0	, 0	, 0	, 0	, 0	, 0	, 0	, 0	, 0	, 0	, 0	, 0	, 0	, 0	, 0	, 0	, 0	, 0	, 0	, 0	, 0	, 0	, 0	, 0	, 0	, 0	, 0	, 0	, 0	, 0	, 0	, 0	, 0	, 0	, 0	, 0	, 0	, 0	, 0	, 0	}:
{0,	98	, 0	, 0	, 0	, 0	, 0	, 0	, 0	, 0	, 0	, 0	, 0	, 0	, 0	, 0	, 0	, 0	, 0	, 0	, 0	, 0	, 0	, 0	, 0	, 0	, 0	, 0	, 0	, 0	, 0	, 0	, 0	, 0	, 0	, 0	, 0	, 0	, 0	, 0	, 0	, 0	, 0	, 0	, 0	, 0	, 0	, 0	, 0	, 0	, 0	, 0	, 0	, 0	, 0	, 0	, 0	, 0	, 0	, 0	, 0	, 0	, 0	, 0	, 0	, 0	, 0	, 0	, 0	, 0	, 0	, 0	, 0	, 0	, 0	, 0	, 0	, 0	, 0	, 0	, 0	, 0	, 0	, 0	, 0	, 0	, 0	, 0	, 0	, 0	, 0	, 0	, 0	, 0	, 0	, 0	, 0	, 0	, 0	, 0	, 0	}:
{0,	98	, 0	, 0	, 0	, 0	, 0	, 0	, 0	, 0	, 0	, 0	, 0	, 0	, 0	, 0	, 0	, 0	, 0	, 0	, 0	, 0	, 0	, 0	, 0	, 0	, 0	, 0	, 0	, 0	, 0	, 0	, 0	, 0	, 0	, 0	, 0	, 0	, 0	, 0	, 0	, 0	, 0	, 0	, 0	, 0	, 0	, 0	, 0	, 0	, 0	, 0	, 0	, 0	, 0	, 0	, 0	, 0	, 0	, 0	, 0	, 0	, 0	, 0	, 0	, 0	, 0	, 0	, 0	, 0	, 0	, 0	, 0	, 0	, 0	, 0	, 0	, 0	, 0	, 0	, 0	, 0	, 0	, 0	, 0	, 0	, 0	, 0	, 0	, 0	, 0	, 0	, 0	, 0	, 0	, 0	, 0	, 0	, 0	, 0	, 0	}:
{0,	98	, 0	, 0	, 0	, 0	, 0	, 0	, 0	, 0	, 0	, 0	, 0	, 0	, 0	, 0	, 0	, 0	, 0	, 0	, 0	, 0	, 0	, 0	, 0	, 0	, 0	, 0	, 0	, 0	, 0	, 0	, 0	, 0	, 0	, 0	, 0	, 0	, 0	, 0	, 0	, 0	, 0	, 0	, 0	, 0	, 0	, 0	, 0	, 0	, 0	, 0	, 0	, 0	, 0	, 0	, 0	, 0	, 0	, 0	, 0	, 0	, 0	, 0	, 0	, 0	, 0	, 0	, 0	, 0	, 0	, 0	, 0	, 0	, 0	, 0	, 0	, 0	, 0	, 0	, 0	, 0	, 0	, 0	, 0	, 0	, 0	, 0	, 0	, 0	, 0	, 0	, 0	, 0	, 0	, 0	, 0	, 0	, 0	, 0	, 0	}:
{0,	98	, 0	, 0	, 0	, 0	, 0	, 0	, 0	, 0	, 0	, 0	, 0	, 0	, 0	, 0	, 0	, 0	, 0	, 0	, 0	, 0	, 0	, 0	, 0	, 0	, 0	, 0	, 0	, 0	, 0	, 0	, 0	, 0	, 0	, 0	, 0	, 0	, 0	, 0	, 0	, 0	, 0	, 0	, 0	, 0	, 0	, 0	, 0	, 0	, 0	, 0	, 0	, 0	, 0	, 0	, 0	, 0	, 0	, 0	, 0	, 0	, 0	, 0	, 0	, 0	, 0	, 0	, 0	, 0	, 0	, 0	, 0	, 0	, 0	, 0	, 0	, 0	, 0	, 0	, 0	, 0	, 0	, 0	, 0	, 0	, 0	, 0	, 0	, 0	, 0	, 0	, 0	, 0	, 0	, 0	, 0	, 0	, 0	, 0	, 0	}:
{0,	98	, 0	, 0	, 0	, 0	, 0	, 0	, 0	, 0	, 0	, 0	, 0	, 0	, 0	, 0	, 0	, 0	, 0	, 0	, 0	, 0	, 0	, 0	, 0	, 0	, 0	, 0	, 0	, 0	, 0	, 0	, 0	, 0	, 0	, 0	, 0	, 0	, 0	, 0	, 0	, 0	, 0	, 0	, 0	, 0	, 0	, 0	, 0	, 0	, 0	, 0	, 0	, 0	, 0	, 0	, 0	, 0	, 0	, 0	, 0	, 0	, 0	, 0	, 0	, 0	, 0	, 0	, 0	, 0	, 0	, 0	, 0	, 0	, 0	, 0	, 0	, 0	, 0	, 0	, 0	, 0	, 0	, 0	, 0	, 0	, 0	, 0	, 0	, 0	, 0	, 0	, 0	, 0	, 0	, 0	, 0	, 0	, 0	, 0	, 0	}:
{0,	98	, 0	, 0	, 0	, 0	, 0	, 0	, 0	, 0	, 0	, 0	, 0	, 0	, 0	, 0	, 0	, 0	, 0	, 0	, 0	, 0	, 0	, 0	, 0	, 0	, 0	, 0	, 0	, 0	, 0	, 0	, 0	, 0	, 0	, 0	, 0	, 0	, 0	, 0	, 0	, 0	, 0	, 0	, 0	, 0	, 0	, 0	, 0	, 0	, 0	, 0	, 0	, 0	, 0	, 0	, 0	, 0	, 0	, 0	, 0	, 0	, 0	, 0	, 0	, 0	, 0	, 0	, 0	, 0	, 0	, 0	, 0	, 0	, 0	, 0	, 0	, 0	, 0	, 0	, 0	, 0	, 0	, 0	, 0	, 0	, 0	, 0	, 0	, 0	, 0	, 0	, 0	, 0	, 0	, 0	, 0	, 0	, 0	, 0	, 0	}:
{0,	98	, 0	, 0	, 0	, 0	, 0	, 0	, 0	, 0	, 0	, 0	, 0	, 0	, 0	, 0	, 0	, 0	, 0	, 0	, 0	, 0	, 0	, 0	, 0	, 0	, 0	, 0	, 0	, 0	, 0	, 0	, 0	, 0	, 0	, 0	, 0	, 0	, 0	, 0	, 0	, 0	, 0	, 0	, 0	, 0	, 0	, 0	, 0	, 0	, 0	, 0	, 0	, 0	, 0	, 0	, 0	, 0	, 0	, 0	, 0	, 0	, 0	, 0	, 0	, 0	, 0	, 0	, 0	, 0	, 0	, 0	, 0	, 0	, 0	, 0	, 0	, 0	, 0	, 0	, 0	, 0	, 0	, 0	, 0	, 0	, 0	, 0	, 0	, 0	, 0	, 0	, 0	, 0	, 0	, 0	, 0	, 0	, 0	, 0	, 0	}:
{0,	98	, 0	, 0	, 0	, 0	, 0	, 0	, 0	, 0	, 0	, 0	, 0	, 0	, 0	, 0	, 0	, 0	, 0	, 0	, 0	, 0	, 0	, 0	, 0	, 0	, 0	, 0	, 0	, 0	, 0	, 0	, 0	, 0	, 0	, 0	, 0	, 0	, 0	, 0	, 0	, 0	, 0	, 0	, 0	, 0	, 0	, 0	, 0	, 0	, 0	, 0	, 0	, 0	, 0	, 0	, 0	, 0	, 0	, 0	, 0	, 0	, 0	, 0	, 0	, 0	, 0	, 0	, 0	, 0	, 0	, 0	, 0	, 0	, 0	, 0	, 0	, 0	, 0	, 0	, 0	, 0	, 0	, 0	, 0	, 0	, 0	, 0	, 0	, 0	, 0	, 0	, 0	, 0	, 0	, 0	, 0	, 0	, 0	, 0	, 0	}:
{0,	98	, 0	, 0	, 0	, 0	, 0	, 0	, 0	, 0	, 0	, 0	, 0	, 0	, 0	, 0	, 0	, 0	, 0	, 0	, 0	, 0	, 0	, 0	, 0	, 0	, 0	, 0	, 0	, 0	, 0	, 0	, 0	, 0	, 0	, 0	, 0	, 0	, 0	, 0	, 0	, 0	, 0	, 0	, 0	, 0	, 0	, 0	, 0	, 0	, 0	, 0	, 0	, 0	, 0	, 0	, 0	, 0	, 0	, 0	, 0	, 0	, 0	, 0	, 0	, 0	, 0	, 0	, 0	, 0	, 0	, 0	, 0	, 0	, 0	, 0	, 0	, 0	, 0	, 0	, 0	, 0	, 0	, 0	, 0	, 0	, 0	, 0	, 0	, 0	, 0	, 0	, 0	, 0	, 0	, 0	, 0	, 0	, 0	, 0	, 0	}:
{0,	98	, 0	, 0	, 0	, 0	, 0	, 0	, 0	, 0	, 0	, 0	, 0	, 0	, 0	, 0	, 0	, 0	, 0	, 0	, 0	, 0	, 0	, 0	, 0	, 0	, 0	, 0	, 0	, 0	, 0	, 0	, 0	, 0	, 0	, 0	, 0	, 0	, 0	, 0	, 0	, 0	, 0	, 0	, 0	, 0	, 0	, 0	, 0	, 0	, 0	, 0	, 0	, 0	, 0	, 0	, 0	, 0	, 0	, 0	, 0	, 0	, 0	, 0	, 0	, 0	, 0	, 0	, 0	, 0	, 0	, 0	, 0	, 0	, 0	, 0	, 0	, 0	, 0	, 0	, 0	, 0	, 0	, 0	, 0	, 0	, 0	, 0	, 0	, 0	, 0	, 0	, 0	, 0	, 0	, 0	, 0	, 0	, 0	, 0	, 0	}:
{0,	98	, 0	, 0	, 0	, 0	, 0	, 0	, 0	, 0	, 0	, 0	, 0	, 0	, 0	, 0	, 0	, 0	, 0	, 0	, 0	, 0	, 0	, 0	, 0	, 0	, 0	, 0	, 0	, 0	, 0	, 0	, 0	, 0	, 0	, 0	, 0	, 0	, 0	, 0	, 0	, 0	, 0	, 0	, 0	, 0	, 0	, 0	, 0	, 0	, 0	, 0	, 0	, 0	, 0	, 0	, 0	, 0	, 0	, 0	, 0	, 0	, 0	, 0	, 0	, 0	, 0	, 0	, 0	, 0	, 0	, 0	, 0	, 0	, 0	, 0	, 0	, 0	, 0	, 0	, 0	, 0	, 0	, 0	, 0	, 0	, 0	, 0	, 0	, 0	, 0	, 0	, 0	, 0	, 0	, 0	, 0	, 0	, 0	, 0	, 0	};
>